0	Index      	Bounty	 *	Score 	Summary	Detail	
1	13452 22212	10	 * 	303.76	橙5易伤3时间1等级1伤害	12456易伤359时间5序列升级7伤害8等级a核
2	16621 32211	4	 * 	303.27	橙4易伤3时间2伤害	138a易伤238时间38序列升级4雷电5全技能6攻速78伤害9核
3	53621 32211	4	   	303.27	橙4易伤3时间2伤害	138时间238a易伤38序列升级4雷电5全技能6攻速78伤害9核
4	13452 33352	8	   	301.76	橙5易伤3时间1等级	12457易伤357时间57序列升级6全技能8核9等级a雷电
5	15111 36511	8	 * 	301.12	橙5易伤3伤害3等级	13578易伤279等级4立即金币679伤害79序列升级a核
6	13452 22252	8	   	298.84	橙5易伤2时间1等级1伤害	12456易伤35时间5序列升级7伤害8等级9核a攻速
7	13452 22612	7	   	298.84	橙5易伤2时间1等级1伤害	12456易伤35时间5序列升级7伤害8核9等级a攻速
8	12423 11153	1	 * 	297.70	橙3易伤3伤害3时间1等级	178易伤2赏金邻近3矿等4加一578伤害678时间78序列升级9核a等级
9	12523 11153	1	   	297.60	橙3易伤3伤害3时间1等级	178易伤2赏金邻近3掉矿4加一578伤害678时间78序列升级9核a等级
10	13314 14513	3	 * 	294.02	橙4易伤2等级2时间1伤害1暴击	129a易伤3暴击49时间5伤害6低血量敌人7核89等级9序列升级
11	13314 42513	3	   	294.02	橙4易伤2等级2时间1伤害1暴击	129a易伤3暴击49时间5伤害6核7基地爆炸89等级9序列升级
12	13314 43513	3	   	293.92	橙4易伤2等级2时间1伤害1暴击	129a易伤3暴击49时间5伤害6核7挖尘89等级9序列升级
13	13363 12625	7	   	293.86	橙4易伤2伤害1等级2暴击2雷电	1248易伤35暴击68雷电78伤害8序列升级9等级a核
14	16613 23533	4	 * 	293.79	橙4易伤3时间2等级1伤害	1369易伤239时间369序列升级4最后敌人56等级7核89金币生成a伤害
15	16633 23533	4	   	293.79	橙4易伤3时间2等级1伤害	1369易伤239时间369序列升级4低血量敌人56等级7核89金币生成a伤害
16	16633 23533	3	   	293.79	橙4易伤3时间2等级1伤害	1369易伤239时间369序列升级4低血量敌人56等级7核89金币生成a伤害
17	15111 36134	9	   	293.77	橙5易伤2伤害2等级	13579易伤27等级4立即金币67伤害7序列升级8雷电a核
18	13452 33321	8	   	293.45	橙5易伤3时间1等级	12457易伤357时间57序列升级6全技能8核9敌人爆炸a等级
19	13452 33351	8	   	293.45	橙5易伤3时间1等级	12457易伤357时间57序列升级6全技能8核9等级a最后敌人
20	13452 33353	8	   	293.45	橙5易伤3时间1等级	12457易伤357时间57序列升级6全技能8核9等级a立即金币
21	13452 33361	8	   	293.45	橙5易伤3时间1等级	12457易伤357时间57序列升级6全技能8核9基地爆炸a等级
22	13452 33361	9	   	293.45	橙5易伤3时间1等级	12457易伤357时间57序列升级6全技能8核9低血量敌人a等级
23	13451 11533	7	   	292.93	橙5易伤2时间1伤害2雷电1暴击	1248a易伤3a时间5暴击6伤害7核9a雷电a序列升级
24	13451 11433	7	   	292.18	橙4易伤2伤害2时间2雷电1暴击	124a易伤3a时间5暴击68伤害7核9a雷电a序列升级
25	13653 23362	2	 * 	292.07	橙5易伤3时间3等级	1268a易伤3最后敌人48a时间568等级68a序列升级7核9a基地爆炸
26	13653 23352	2	   	291.87	橙5易伤3时间3等级	1268a易伤3最后敌人48a时间568等级68a序列升级7核9a挖尘
27	15111 36121	10	   	291.68	橙4易伤2伤害2等级1时间	1357易伤27等级4立即金币67伤害7序列升级8雷电9时间a核
28	15111 36211	8	   	291.08	橙4易伤3伤害2等级	1357易伤27等级4立即金币679伤害7序列升级8核a雷电
29	15111 36215	8	   	291.08	橙4易伤3伤害2等级	1357易伤27等级4立即金币679伤害7序列升级8核a攻速
30	13452 22251	8	   	290.53	橙5易伤2时间1等级1伤害	12456易伤35时间5序列升级7伤害8等级9核a最后敌人
31	13452 22253	8	   	290.53	橙5易伤2时间1等级1伤害	12456易伤35时间5序列升级7伤害8等级9核a随机矿
32	13452 22253	9	   	290.53	橙5易伤2时间1等级1伤害	12456易伤35时间5序列升级7伤害8等级9敌人爆炸a核
33	13452 22263	8	   	290.53	橙5易伤2时间1等级1伤害	12456易伤35时间5序列升级7伤害8等级9低血量敌人a核
34	13452 22313	8	   	290.53	橙5易伤2时间1等级1伤害	12456易伤35时间5序列升级7伤害8基地爆炸9等级a核
35	13452 22611	7	   	290.53	橙5易伤2时间1等级1伤害	12456易伤35时间5序列升级7伤害8核9等级a最后敌人
36	13452 22613	7	   	290.53	橙5易伤2时间1等级1伤害	12456易伤35时间5序列升级7伤害8核9等级a随机矿
37	13452 22213	7	   	290.43	橙5易伤2时间1等级1伤害	12456易伤35时间5序列升级7伤害8挖尘9等级a核
38	13452 22223	8	   	290.43	橙5易伤2时间1等级1伤害	12456易伤35时间5序列升级7伤害8等级9挖尘a核
39	16621 32214	4	   	288.77	橙3易伤3时间2伤害2雷电	138易伤238时间38序列升级4a雷电5全技能6攻速78伤害9核
40	53621 32214	4	   	288.77	橙3易伤3时间2伤害2雷电	138时间238易伤38序列升级4a雷电5全技能6攻速78伤害9核
41	13452 33124	7	   	287.31	橙5易伤3时间1伤害	12457易伤357时间57序列升级6全技能8伤害9敌人爆炸a核
42	13452 33331	9	   	287.31	橙5易伤3时间1伤害	12457易伤357时间57序列升级6全技能8核9随机矿a伤害
43	13653 23326	2	   	286.95	橙5易伤3等级2时间	1268a易伤3最后敌人48时间568等级68序列升级7核9雷电
44	16651 11323	9	   	285.84	橙4易伤2时间1等级1伤害1暴击	134a易伤23时间3序列升级5暴击6伤害7核8低血量敌人9等级
45	53651 11323	9	   	285.84	橙4易伤2时间1等级1伤害1暴击	13时间234a易伤3序列升级5暴击6伤害7核8低血量敌人9等级
46	16651 11223	9	   	285.74	橙4易伤2时间1等级1伤害1暴击	134a易伤23时间3序列升级5暴击6伤害7核8挖青9等级
47	53651 11223	9	   	285.74	橙4易伤2时间1等级1伤害1暴击	13时间234a易伤3序列升级5暴击6伤害7核8挖青9等级
48	15111 36253	10	   	285.46	橙5易伤2伤害2等级	1357a易伤27等级4立即金币67伤害7序列升级8核9低血量敌人
49	15111 36223	10	   	285.36	橙5易伤2伤害2等级	1357a易伤27等级4立即金币67伤害7序列升级8核9加一
50	15111 36224	9	   	285.36	橙5易伤2伤害2等级	1357a易伤27等级4立即金币67伤害7序列升级8核9加一
51	15111 36233	10	   	285.36	橙5易伤2伤害2等级	1357a易伤27等级4立即金币67伤害7序列升级8核9挖青
52	12423 11154	1	   	285.15	橙3易伤3伤害3时间1暴击	178易伤2赏金邻近3矿等4加一578伤害678时间78序列升级9核a暴击
53	12523 11154	1	   	285.05	橙3易伤3伤害3时间1暴击	178易伤2赏金邻近3掉矿4加一578伤害678时间78序列升级9核a暴击
54	16626 22331	3	   	283.89	橙5易伤3时间1等级	1359a易伤239时间39序列升级4矿等6核7等级89低血量敌人
55	53626 22331	3	   	283.89	橙5易伤3时间1等级	139时间2359a易伤39序列升级4矿等6核7等级89低血量敌人
56	15111 36221	8	   	283.37	橙4易伤2伤害2等级1时间	1357易伤27等级4立即金币67伤害7序列升级8核9时间a最后敌人
57	15111 36222	8	   	283.37	橙4易伤2伤害2等级1时间	1357易伤27等级4立即金币67伤害7序列升级8核9时间a金币生成
58	15111 36223	8	   	283.37	橙4易伤2伤害2等级1时间	1357易伤27等级4立即金币67伤害7序列升级8核9时间a敌人爆炸
59	15111 36225	8	   	283.37	橙4易伤2伤害2等级1时间	1357易伤27等级4立即金币67伤害7序列升级8核9时间a额外掉落
60	15111 36226	8	   	283.37	橙4易伤2伤害2等级1时间	1357易伤27等级4立即金币67伤害7序列升级8核9时间a基地爆炸
61	15111 36211	9	   	283.27	橙4易伤2伤害2等级1时间	1357易伤27等级4立即金币67伤害7序列升级8核9掉矿a时间
62	15111 36224	8	   	283.27	橙4易伤2伤害2等级1时间1核弹	1357易伤27等级4立即金币67伤害7序列升级8核9时间a核弹
63	15111 36321	10	   	283.27	橙4易伤2伤害2等级1时间	1357易伤27等级4立即金币67伤害7序列升级8时间9加一a核
64	15111 36336	10	   	283.27	橙4易伤2伤害2等级1时间	1357易伤27等级4立即金币67伤害7序列升级8时间9挖青a核
65	16115 13222	3	   	283.09	橙4易伤3时间3等级	1789易伤246时间3全技能567等级67序列升级a核
66	15111 36212	8	   	282.77	橙4易伤3伤害2等级	1357易伤27等级4立即金币679伤害7序列升级8核a最后敌人
67	15111 36214	8	   	282.77	橙4易伤3伤害2等级	1357易伤27等级4立即金币679伤害7序列升级8核a平台
68	15111 36216	8	   	282.77	橙4易伤3伤害2等级	1357易伤27等级4立即金币679伤害7序列升级8核a策反
69	15111 36213	8	   	282.67	橙4易伤3伤害2等级	1357易伤27等级4立即金币679伤害7序列升级8核a挖尘
70	13421 32241	4	   	282.55	橙3易伤2伤害2时间1暴击	128易伤38时间4雷电5全技能6攻速78伤害8序列升级9暴击a核
71	13322 64884	7	   	282.52	橙4易伤3时间3雷电1暴击	129a易伤3暴击4全技能5加一69a时间79a雷电8核9a序列升级
72	16621 32212	4	   	282.22	橙3易伤3时间2伤害	138易伤238时间38序列升级4雷电5全技能6攻速78伤害9核a平台
73	16621 32213	4	   	282.22	橙3易伤3时间2伤害	138易伤238时间38序列升级4雷电5全技能6攻速78伤害9核a矿等
74	16621 32215	4	   	282.22	橙3易伤3时间2伤害	138易伤238时间38序列升级4雷电5全技能6攻速78伤害9核a低血量敌人
75	16621 32216	4	   	282.22	橙3易伤3时间2伤害	138易伤238时间38序列升级4雷电5全技能6攻速78伤害9核a敌人爆炸
76	53621 32212	4	   	282.22	橙3易伤3时间2伤害	138时间238易伤38序列升级4雷电5全技能6攻速78伤害9核a平台
77	53621 32213	4	   	282.22	橙3易伤3时间2伤害	138时间238易伤38序列升级4雷电5全技能6攻速78伤害9核a矿等
78	53621 32215	4	   	282.22	橙3易伤3时间2伤害	138时间238易伤38序列升级4雷电5全技能6攻速78伤害9核a低血量敌人
79	53621 32216	4	   	282.22	橙3易伤3时间2伤害	138时间238易伤38序列升级4雷电5全技能6攻速78伤害9核a敌人爆炸
80	16114 32211	3	   	282.12	橙3易伤3时间2伤害	18a易伤248时间3全技能5雷电6攻速78伤害8序列升级9核
81	53114 32211	3	   	282.12	橙3易伤3时间2伤害	148时间28a易伤3全技能5雷电6攻速78伤害8序列升级9核
82	16623 21211	4	   	282.11	橙5易伤3时间2雷电	1378a易伤238时间38序列升级48雷电5加一6全技能9核
83	53623 21211	4	   	282.11	橙5易伤3时间2雷电	138时间2378a易伤38序列升级48雷电5加一6全技能9核
84	22363 11533	7	   	282.04	橙5易伤2伤害1时间2雷电1卖塔	1卖塔2348a易伤3a序列升级5时间6a伤害7核9a雷电
85	13452 31231	6	   	281.75	橙4易伤2时间1等级1伤害	1245易伤35时间5序列升级6全技能7加一8核9伤害a等级
86	13455 31231	4	   	281.75	橙4易伤2时间1等级1伤害	1246易伤36时间5全技能6序列升级7加一8核9伤害a等级
87	16121 26316	7	   	281.59	橙3易伤3伤害2时间1暴击	19a易伤29时间3全技能4金币生成5暴击679伤害8核9序列升级
88	53121 26316	7	   	281.59	橙3易伤3伤害2时间1暴击	19时间29a易伤3全技能4金币生成5暴击679伤害8核9序列升级
89	22324 43236	5	   	281.34	橙3易伤3伤害2时间1暴击1卖塔	1卖塔23a易伤3a序列升级4全技能5暴击6a时间79a伤害8核
90	13452 33342	10	   	280.90	橙5易伤3时间1暴击	12457易伤357时间57序列升级6全技能8核9立即金币a暴击
91	13452 33361	10	   	280.90	橙5易伤3时间1暴击	12457易伤357时间57序列升级6全技能8核9低血量敌人a暴击
92	13353 11543	7	   	280.80	橙4易伤2伤害1等级1暴击	1289易伤3暴击4等级5攻速6a伤害7核
93	15111 36241	8	   	280.77	橙4易伤2伤害2等级1暴击	1357易伤27等级4立即金币67伤害7序列升级8核9暴击a最后敌人
94	15111 36243	8	   	280.77	橙4易伤2伤害2等级1暴击	1357易伤27等级4立即金币67伤害7序列升级8核9暴击a敌人爆炸
95	36126 42313	7	   	280.77	橙4易伤2伤害2等级1暴击	19等级2基地爆炸369a易伤4敌人爆炸5暴击79伤害8核9序列升级
96	13316 14162	10	   	280.48	橙5易伤3伤害1暴击	12589易伤3暴击49基地爆炸679伤害9序列升级a核
97	13362 14162	10	   	280.48	橙5易伤3伤害1暴击	12489易伤3暴击59基地爆炸679伤害9序列升级a核
98	16613 23333	4	   	280.47	橙4易伤3等级2时间1伤害	1368易伤23时间368序列升级48最后敌人568等级7核9立即金币a伤害
99	16613 23363	4	   	280.47	橙4易伤3等级2时间1伤害	1368易伤23时间368序列升级48最后敌人568等级7核9低血量敌人a伤害
100	16633 23333	3	   	280.47	橙4易伤3等级2时间1伤害	1368易伤23时间368序列升级48低血量敌人568等级7核9立即金币a伤害
101	16633 23333	4	   	280.47	橙4易伤3等级2时间1伤害	1368易伤23时间368序列升级48低血量敌人568等级7核9立即金币a伤害
102	16633 23363	4	   	280.47	橙4易伤3等级2时间1伤害	1368易伤23时间368序列升级489低血量敌人568等级7核a伤害
103	16633 23363	3	   	280.47	橙4易伤3等级2时间1伤害	1368易伤23时间368序列升级489低血量敌人568等级7核a伤害
104	16613 23343	4	   	280.37	橙4易伤3等级2时间1伤害	1368易伤23时间368序列升级48最后敌人568等级7核9挖青a伤害
105	16633 23343	4	   	280.37	橙4易伤3等级2时间1伤害	1368易伤23时间368序列升级48低血量敌人568等级7核9挖青a伤害
106	16633 23343	3	   	280.37	橙4易伤3等级2时间1伤害	1368易伤23时间368序列升级48低血量敌人568等级7核9挖青a伤害
107	22314 14513	3	   	280.12	橙4易伤2等级2时间1伤害1卖塔	1卖塔239a易伤39序列升级49时间5伤害6低血量敌人7核89等级
108	22314 42513	3	   	280.12	橙4易伤2等级2时间1伤害1卖塔	1卖塔239a易伤39序列升级49时间5伤害6核7基地爆炸89等级
109	22314 43513	3	   	280.02	橙4易伤2等级2时间1伤害1卖塔	1卖塔239a易伤39序列升级49时间5伤害6核7挖尘89等级
110	12423 11132	1	   	279.81	橙3易伤3伤害3时间	178易伤2赏金邻近3矿等4加一578伤害678时间78序列升级9攻速a核
111	13314 34513	4	   	279.43	橙4易伤2等级1伤害1时间1暴击	129a易伤3暴击49基地爆炸5伤害6时间7核89等级9序列升级
112	13334 34513	3	   	279.43	橙4易伤2等级1伤害1时间1暴击	129a易伤3暴击49基地爆炸5伤害6时间7核89等级9序列升级
113	22363 11433	7	   	279.35	橙4易伤3伤害1时间2雷电1卖塔	1卖塔234a易伤3a序列升级5时间68a伤害7核9a雷电
114	13331 15636	10	   	278.90	橙4易伤2伤害1等级2暴击	1278易伤38暴击4掉矿5等级68伤害8序列升级9矿等a核
115	16633 23336	3	   	278.75	橙5易伤3等级2时间	1368a易伤23时间368序列升级48低血量敌人568等级7核9立即金币
116	16633 23336	4	   	278.75	橙5易伤3等级2时间	1368a易伤23时间368序列升级48低血量敌人568等级7核9立即金币
117	16623 44331	4	   	278.43	橙4易伤2伤害2时间2雷电	1379易伤23时间37序列升级47雷电5加一67伤害8赏金塔a核
118	13452 22136	9	   	277.55	橙5易伤3时间1伤害	12456易伤358时间5序列升级7伤害9基地爆炸a核
119	13452 22126	9	   	277.45	橙5易伤3时间1伤害	12456易伤358时间5序列升级7伤害9挖尘a核
120	13452 22142	10	   	277.45	橙5易伤3时间1伤害	12456易伤358时间5序列升级7伤害9掉矿a核
121	16643 32231	6	   	277.15	橙3易伤2时间1等级1伤害2攻速	137易伤23时间37序列升级47策反57攻速6全技能8核9伤害a等级
122	16614 21313	6	   	277.00	橙4易伤3时间2伤害	1378易伤238时间38序列升级4最后敌人5低血量敌人68伤害9金币生成a核
123	16614 21323	6	   	277.00	橙4易伤3时间2伤害	1378易伤238时间38序列升级4最后敌人5低血量敌人68伤害9矿等a核
124	53614 21313	6	   	277.00	橙4易伤3时间2伤害	138时间2378易伤38序列升级4最后敌人5低血量敌人68伤害9金币生成a核
125	53614 21323	6	   	277.00	橙4易伤3时间2伤害	138时间2378易伤38序列升级4最后敌人5低血量敌人68伤害9矿等a核
126	13653 23323	2	   	276.92	橙4易伤3等级2时间	1268易伤3最后敌人48时间568等级68序列升级7核9雷电a攻速
127	15166 33422	10	 * 	276.80	橙3易伤2伤害2等级2时间	13a易伤2a等级45伤害6加一7敌人爆炸8a时间9核a序列升级
128	15111 36241	10	   	276.78	橙4易伤2伤害2等级	1357易伤27等级4立即金币67伤害7序列升级8核9全技能a低血量敌人
129	15111 36242	10	   	276.78	橙4易伤2伤害2等级	1357易伤27等级4立即金币67伤害7序列升级8核9全技能a策反
130	15111 36243	9	   	276.78	橙4易伤2伤害2等级	1357易伤27等级4立即金币67伤害7序列升级8核9全技能a最后敌人
131	15111 36241	9	   	276.68	橙4易伤2伤害2等级	1357易伤27等级4立即金币67伤害7序列升级8核9全技能a掉矿
132	15111 36243	10	   	276.68	橙4易伤2伤害2等级	1357易伤27等级4立即金币67伤害7序列升级8核9全技能a挖青
133	13452 33341	8	   	275.56	橙5易伤3时间	12457易伤357时间57序列升级6全技能8核9雷电a金币生成
134	13452 33322	9	   	275.56	橙5易伤3时间	12457易伤357时间57序列升级6全技能8核9金币生成a雷电
135	13452 33322	10	   	275.56	橙5易伤3时间	12457易伤357时间57序列升级6全技能8核9金币生成a雷电
136	13452 33335	9	   	275.56	橙5易伤3时间	12457易伤357时间57序列升级6全技能8核9随机矿a雷电
137	13452 33336	10	   	275.56	橙5易伤3时间	12457易伤357时间57序列升级6全技能8核9随机矿a攻速
138	13452 33532	8	   	275.56	橙5易伤3时间	12457易伤357时间57序列升级6全技能8金币生成9核a雷电
139	13452 33632	8	   	275.56	橙5易伤3时间	12457易伤357时间57序列升级6全技能8矿等9核a雷电
140	13452 33232	8	   	275.46	橙5易伤3时间	12457易伤357时间57序列升级6全技能8掉矿9核a雷电
141	13452 33312	9	   	275.46	橙5易伤3时间	12457易伤357时间57序列升级6全技能8核9掉矿a雷电
142	13452 33312	8	   	275.46	橙5易伤3时间	12457易伤357时间57序列升级6全技能8核9掉矿a雷电
143	13452 33312	10	   	275.46	橙5易伤3时间	12457易伤357时间57序列升级6全技能8核9掉矿a雷电
144	13452 33343	8	   	275.46	橙5易伤3时间	12457易伤357时间57序列升级6全技能8核9雷电a赏金塔
145	13452 35213	7	   	275.46	橙5易伤3时间	12459易伤35a时间5序列升级6全技能7雷电8核
146	15111 36151	10	   	275.43	橙4易伤2伤害2等级	1357易伤27等级4立即金币67伤害7序列升级8雷电9敌人爆炸a核
147	13353 11443	7	   	275.40	橙3易伤3伤害1等级1暴击	129易伤3暴击4等级5攻速68a伤害7核
148	13452 21423	7	   	275.35	橙5易伤2时间2全技能1暴击	12456易伤35时间5序列升级79全技能8暴击a核
149	15111 36111	10	   	275.33	橙4易伤2伤害2等级	1357易伤27等级4立即金币67伤害7序列升级8雷电9挖青a核
150	15111 36133	8	   	275.33	橙4易伤2伤害2等级	1357易伤27等级4立即金币67伤害7序列升级8雷电9赏金塔a核
151	15111 36141	10	   	275.33	橙4易伤2伤害2等级	1357易伤27等级4立即金币67伤害7序列升级8雷电9挖尘a核
152	15111 36225	10	   	275.33	橙4易伤2伤害2等级	1357易伤27等级4立即金币67伤害7序列升级8核9加一a雷电
153	15111 36234	10	   	275.33	橙4易伤2伤害2等级	1357易伤27等级4立即金币67伤害7序列升级8核9挖青a雷电
154	15111 36261	8	   	275.33	橙4易伤2伤害3等级	1357易伤279等级4立即金币67伤害7序列升级8核a雷电
155	11111 36261	8	   	275.29	橙4易伤2伤害1等级1时间	1357易伤27矿等4立即金币67伤害7序列升级8核9等级a时间
156	13111 36261	8	   	275.29	橙4易伤2伤害1等级1时间	1257易伤37矿等4立即金币67伤害7序列升级8核9等级a时间
157	15111 36125	8	   	275.18	橙4易伤2伤害2等级1卖塔	1357易伤27等级4立即金币67伤害7序列升级8雷电9卖塔a核
158	13653 23322	2	   	275.16	橙4易伤3等级2时间2雷电	1268易伤3最后敌人48时间568等级68序列升级7核9a雷电
159	22331 14641	10	   	275.03	橙3易伤3伤害2等级1暴击1卖塔	1卖塔238易伤38序列升级4掉矿58等级678伤害9暴击a核
160	15163 23141	5	   	274.59	橙4易伤3伤害1等级	138a易伤2等级489伤害58低血量敌人6核7赏金塔8序列升级
161	15231 23141	3	   	274.59	橙4易伤3伤害1等级	148a易伤2等级38低血量敌人589伤害6核7赏金塔8序列升级
162	13311 34512	1	   	274.44	橙3易伤3时间2等级1暴击	19a易伤2攻速369时间4暴击5低血量敌人7核89等级9序列升级
163	13335 34512	1	   	274.44	橙3易伤3时间2等级1暴击	19a易伤2攻速369时间4低血量敌人5暴击7核89等级9序列升级
164	13413 23534	4	   	274.05	橙4易伤2等级2时间1暴击	1269易伤39时间4最后敌人56等级69序列升级7核89金币生成a暴击
165	13433 23534	3	   	274.05	橙4易伤2等级2时间1暴击	1269易伤39时间4低血量敌人56等级69序列升级7核89金币生成a暴击
166	13433 23534	4	   	274.05	橙4易伤2等级2时间1暴击	1269易伤39时间4低血量敌人56等级69序列升级7核89金币生成a暴击
167	16613 23316	4	   	274.05	橙4易伤3等级2时间1暴击	1368易伤23时间368序列升级48最后敌人568等级7核9随机矿a暴击
168	16613 23326	4	   	274.05	橙4易伤3等级2时间1暴击	1368易伤23时间368序列升级48最后敌人568等级7核9金币生成a暴击
169	16633 23316	4	   	274.05	橙4易伤3等级2时间1暴击	1368易伤23时间368序列升级48低血量敌人568等级7核9随机矿a暴击
170	16633 23316	3	   	274.05	橙4易伤3等级2时间1暴击	1368易伤23时间368序列升级48低血量敌人568等级7核9随机矿a暴击
171	16633 23326	3	   	274.05	橙4易伤3等级2时间1暴击	1368易伤23时间368序列升级48低血量敌人568等级7核9金币生成a暴击
172	16633 23326	4	   	274.05	橙4易伤3等级2时间1暴击	1368易伤23时间368序列升级48低血量敌人568等级7核9金币生成a暴击
173	13352 44213	5	   	273.95	橙4易伤2等级2时间1暴击	129a易伤3暴击49等级5最后敌人6核7策反89时间9序列升级
174	16626 22332	3	   	273.86	橙4易伤3时间1等级	1359易伤239时间39序列升级4矿等6核7等级89低血量敌人a攻速
175	53626 22332	3	   	273.86	橙4易伤3时间1等级	139时间2359易伤39序列升级4矿等6核7等级89低血量敌人a攻速
176	13355 22522	10	   	273.85	橙4易伤3等级2时间1暴击	1278易伤3暴击467等级57时间7序列升级9矿等a核
177	13355 22532	10	   	273.85	橙4易伤3等级2时间1暴击	1278易伤3暴击467等级57时间7序列升级9金币生成a核
