0	Index      	Bounty	 *	Score 	Summary	Detail	
1	52523 54132	10	 * 	301.12	橙5易伤3伤害3等级	17a等级2加一3基地爆炸4678a易伤57a伤害7a序列升级9核
2	52423 44132	10	   	301.02	橙5易伤3伤害3等级	17a等级2加一3挖尘4678a易伤57a伤害7a序列升级9核
3	24145 14132	10	 * 	300.18	橙5易伤3时间3等级	1加一2578a易伤3攻速47a时间67a等级7a序列升级9核
4	53341 14132	10	   	299.02	橙4易伤3伤害3等级1时间	17a等级2时间3立即金币4加一57a伤害678a易伤7a序列升级9核
5	52872 13132	10	   	298.92	橙4易伤3伤害2等级1时间	1a等级2加一3时间45a伤害678a易伤9核a序列升级
6	24777 33132	10	   	298.61	橙5易伤2等级2时间1伤害	1加一2348a易伤5伤害6核7a等级9a时间a序列升级
7	24333 26132	10	 * 	297.95	橙4易伤2伤害2等级2时间	1加一269a易伤3a时间4金币生成56伤害6a序列升级7核8a等级
8	24333 26542	10	   	297.95	橙4易伤2伤害2等级2时间	1加一268a易伤3a时间4金币生成56伤害6a序列升级7核9a等级
9	24316 46345	2	   	294.66	橙4易伤3伤害1等级3雷电	1加一2789易伤379伤害4最后敌人5等级679雷电79序列升级a核
10	52384 14132	10	   	293.59	橙4易伤3时间3等级1伤害	17a等级2加一3立即金币4伤害57a时间678a易伤7a序列升级9核
11	24645 14132	10	   	291.87	橙5易伤3时间3等级	1加一2578a易伤3策反47a时间67a等级7a序列升级9核
12	24335 16532	10	   	289.77	橙4易伤2伤害2时间1等级	1加一258a易伤3a时间4金币生成6等级7核9a伤害a序列升级
13	24385 16132	10	   	289.77	橙4易伤2伤害2时间1等级	1加一258a易伤3a时间4矿等6等级7核9a伤害a序列升级
14	24145 13132	10	   	286.85	橙5易伤2等级2时间	1加一2578a易伤3攻速4a时间6a等级9核a序列升级
15	24145 14135	10	   	286.85	橙5易伤2等级2时间	1加一2578a易伤3攻速47时间67等级7序列升级9核
16	24725 34241	5	   	286.85	橙5易伤2等级2时间	1加一2389a易伤4雷电5a等级6核7a时间a序列升级
17	52523 53132	10	   	285.36	橙5易伤2伤害2等级	1a等级2加一3基地爆炸4678a易伤5a伤害9核a序列升级
18	24145 12434	8	   	285.34	橙3易伤2伤害2时间1等级	1加一25a易伤3攻速4a时间6等级7雷电8核9a伤害a序列升级
19	24178 44214	4	   	285.34	橙3易伤2伤害2时间1等级	1加一28a易伤3攻速4a伤害5等级6雷电7a时间9核a序列升级
20	52423 43132	10	   	285.26	橙5易伤2伤害2等级	1a等级2加一3挖尘4678a易伤5a伤害9核a序列升级
21	52423 44135	10	   	285.26	橙5易伤2伤害2等级	17等级2加一3挖尘4678a易伤57伤害7序列升级9核
22	43662 22121	9	   	283.73	橙4易伤2伤害2等级	139a易伤2敌人爆炸4a等级5雷电6攻速7a伤害8核a序列升级
23	45162 22121	9	   	283.73	橙4易伤2伤害2等级	129a易伤3最后敌人4a等级5雷电6攻速7a伤害8核a序列升级
24	45362 22121	9	   	283.73	橙4易伤2伤害2等级	129a易伤3低血量敌人4a等级5雷电6攻速7a伤害8核a序列升级
25	53341 13132	10	   	283.27	橙4易伤2伤害2等级1时间	1a等级2时间3立即金币4加一5a伤害678a易伤9核a序列升级
26	53341 14135	10	   	283.27	橙4易伤2伤害2等级1时间	17等级2时间3立即金币4加一57伤害678a易伤7序列升级9核
27	53341 16142	10	   	283.27	橙4易伤2伤害2等级1时间	1a等级2时间3立即金币4加一5a伤害689a易伤7核a序列升级
28	24382 54132	10	   	283.18	橙5易伤3伤害1时间	1加一2678a易伤3时间47a矿等57a伤害7a序列升级9核
29	24333 22132	10	   	283.08	橙5易伤3伤害1时间	1加一2678a易伤3时间4a金币生成56a伤害6a序列升级9核
30	52311 14132	10	   	282.77	橙4易伤3伤害3等级	17a等级2加一3立即金币4敌人爆炸57a伤害678a易伤7a序列升级9核
31	52321 14132	10	   	282.77	橙4易伤3伤害3等级	17a等级2加一3立即金币4基地爆炸57a伤害678a易伤7a序列升级9核
32	52551 14132	10	   	282.77	橙4易伤3伤害3等级	17a等级2加一3基地爆炸4立即金币57a伤害678a易伤7a序列升级9核
33	54341 14132	10	   	282.77	橙4易伤3伤害3等级	17a等级2基地爆炸3立即金币4加一57a伤害678a易伤7a序列升级9核
34	56341 14132	10	   	282.77	橙4易伤3伤害3等级	17a等级2敌人爆炸3立即金币4加一57a伤害678a易伤7a序列升级9核
35	52451 14132	10	   	282.67	橙4易伤3伤害3等级	17a等级2加一3挖尘4立即金币57a伤害678a易伤7a序列升级9核
36	52423 34132	10	   	282.57	橙4易伤3伤害3等级	17a等级2加一36挖尘478a易伤57a伤害7a序列升级9核
37	43624 22121	9	   	282.20	橙4易伤2伤害1等级2雷电	139a易伤2敌人爆炸4a雷电5等级6攻速7a伤害8核a序列升级
38	45124 22121	9	   	282.20	橙4易伤2伤害1等级2雷电	129a易伤3最后敌人4a雷电5等级6攻速7a伤害8核a序列升级
39	45324 22121	9	   	282.20	橙4易伤2伤害1等级2雷电	129a易伤3低血量敌人4a雷电5等级6攻速7a伤害8核a序列升级
40	24145 14823	9	   	282.16	橙4易伤2等级2时间1暴击	1加一2579易伤3攻速47时间67等级7序列升级8暴击a核
41	24385 16432	10	 * 	281.95	橙3易伤3时间2伤害1等级	1加一25a易伤38a时间4矿等6等级7核9a伤害a序列升级
42	23252 11458	6	 * 	281.91	橙5易伤2伤害2时间	1加一2平台3567a易伤4a伤害8核9a时间a序列升级
43	24247 56134	10	   	281.91	橙5易伤2伤害2时间	1加一2568a易伤3基地爆炸4a时间7核9a伤害a序列升级
44	24643 23564	9	   	280.85	橙3易伤3时间3等级1伤害	1加一29a易伤3策反49a时间5伤害6雷电7核89a等级9a序列升级
45	52384 14135	10	   	280.27	橙4易伤2等级2时间1伤害	17等级2加一3立即金币4伤害57时间678a易伤7序列升级9核
46	52384 13132	10	   	280.27	橙4易伤2等级2时间1伤害	1a等级2加一3立即金币4伤害5a时间678a易伤9核a序列升级
47	52384 16142	10	   	280.27	橙4易伤2等级2时间1伤害	1a等级2加一3立即金币4伤害5a时间689a易伤7核a序列升级
48	24774 63132	10	   	280.11	橙5易伤2等级2攻速1时间	1加一2348a易伤5时间6a攻速7a等级9核a序列升级
49	24174 57214	5	   	278.83	橙3易伤2伤害2等级1时间	1加一28a易伤3攻速4a伤害5雷电6时间7a等级9核a序列升级
50	24175 27214	6	   	278.83	橙3易伤2伤害2等级1时间	1加一28a易伤3攻速4a伤害5时间6雷电7a等级9核a序列升级
51	24175 47214	5	   	278.83	橙3易伤2伤害2等级1时间	1加一28a易伤3攻速4a伤害5时间6雷电7a等级9核a序列升级
52	24175 52214	8	   	278.83	橙3易伤2伤害2等级1时间	1加一26a易伤3攻速4a伤害5时间7雷电8a等级9核a序列升级
53	24645 14135	10	   	278.55	橙5易伤2等级2时间	1加一2578a易伤3策反47时间67等级7序列升级9核
54	24645 13132	10	   	278.55	橙5易伤2等级2时间	1加一2578a易伤3策反4a时间6a等级9核a序列升级
55	24145 14131	10	   	278.17	橙4易伤2等级2时间	1加一2578易伤3攻速47时间67等级7序列升级9核a全技能
56	52872 34142	10	   	277.87	橙3易伤3伤害2等级1时间	1a等级2加一3时间45a伤害6双倍矿7核89a易伤a序列升级
57	53341 16132	10	   	277.87	橙3易伤3伤害2等级1时间	1a等级2时间3立即金币4加一59a伤害68a易伤7核a序列升级
58	24178 52214	4	   	277.30	橙3易伤2伤害1等级1时间2雷电	1加一28a易伤3攻速4a伤害5等级6时间7a雷电9核a序列升级
59	24645 12434	8	   	277.03	橙3易伤2伤害2时间1等级	1加一25a易伤3策反4a时间6等级7雷电8核9a伤害a序列升级
60	24645 12454	9	   	277.03	橙3易伤2伤害2时间1等级	1加一25a易伤3策反4a时间6等级7雷电8核9a伤害a序列升级
61	24678 44214	4	   	277.03	橙3易伤2伤害2时间1等级	1加一28a易伤3策反4a伤害5等级6雷电7a时间9核a序列升级
62	24384 16732	10	   	277.00	橙3易伤2伤害2等级2时间	1加一28a易伤3a时间48矿等5立即金币68等级7核8a序列升级9a伤害
63	24333 26442	10	   	276.90	橙3易伤2伤害2等级2时间	1加一26a易伤3a时间48金币生成56伤害6a序列升级7核9a等级
64	24145 14136	10	   	276.82	橙4易伤2等级2时间	1加一2578易伤3攻速47时间67等级7序列升级9核a雷电
65	53341 16442	10	   	276.80	橙3易伤2伤害2等级2时间	1a等级28时间3立即金币4加一5a伤害69a易伤7核a序列升级
66	24335 16132	10	   	276.80	橙3易伤2伤害2等级2时间	1加一25a易伤3a时间4金币生成68等级7核9a伤害a序列升级
67	52384 16132	10	   	276.80	橙3易伤2伤害2等级2时间	1a等级2加一3立即金币49伤害5a时间68a易伤7核a序列升级
68	24247 56434	10	 * 	276.80	橙4易伤3时间2伤害	1加一256a易伤3基地爆炸48a时间7核9a伤害a序列升级
69	52523 54131	10	   	276.68	橙4易伤2伤害2等级	17等级2加一3基地爆炸4678易伤57伤害7序列升级9核a全技能
70	52423 44131	10	   	276.58	橙4易伤2伤害2等级	17等级2加一3挖尘4678易伤57伤害7序列升级9核a全技能
71	53341 14823	9	   	275.87	橙3易伤2伤害2等级1时间1暴击	17等级2时间3立即金币4加一57伤害679易伤7序列升级8暴击a核
72	45112 13162	9	   	275.85	橙5易伤1等级1伤害1时间	12789易伤3最后敌人4时间5伤害6等级a核
73	45312 13162	9	   	275.85	橙5易伤1等级1伤害1时间	12789易伤3低血量敌人4时间5伤害6等级a核
74	24143 27214	6	   	275.83	橙3易伤2等级2时间1伤害	1加一28a易伤3攻速4a时间5伤害6雷电7a等级9核a序列升级
75	24143 47214	5	   	275.83	橙3易伤2等级2时间1伤害	1加一28a易伤3攻速4a时间5伤害6雷电7a等级9核a序列升级
76	24143 52214	8	   	275.83	橙3易伤2等级2时间1伤害	1加一26a易伤3攻速4a时间5伤害7雷电8a等级9核a序列升级
77	52423 44136	10	   	275.23	橙4易伤2伤害2等级	17等级2加一3挖尘4678易伤57伤害7序列升级9核a雷电
78	24333 22135	10	   	275.09	橙4易伤2伤害1等级1时间	1加一2678易伤3时间4金币生成56伤害6序列升级9核a等级
79	24725 34271	5	   	275.06	橙4易伤2等级2时间2雷电	1加一238a易伤49雷电5a等级6核7a时间a序列升级
80	24772 21282	9	   	273.85	橙4易伤2等级2时间1暴击	1加一2349易伤5暴击69时间7双倍矿89等级9序列升级a核
81	24645 14732	10	   	273.53	橙4易伤3时间3等级	1加一257a易伤3策反47a时间67a等级7a序列升级8立即金币9核
82	24647 14132	10	   	273.53	橙4易伤3时间3等级	1加一278a易伤35策反47a时间67a等级7a序列升级9核
83	24645 13632	10	   	273.43	橙4易伤3时间2等级	1加一257a易伤3策反48a时间6a等级9核a序列升级
84	52384 14823	9	   	272.87	橙3易伤2等级2时间1伤害1暴击	17等级2加一3立即金币4伤害57时间679易伤7序列升级8暴击a核
85	52384 16442	10	   	272.44	橙3易伤3时间2等级1伤害	1a等级2加一3立即金币4伤害58a时间69a易伤7核a序列升级
86	45621 13232	10	   	272.19	橙4易伤2时间1等级1伤害	129a易伤3掉矿4a基地爆炸5伤害6等级7核8a时间a序列升级
87	43612 13632	10	   	272.09	橙4易伤2时间1等级1伤害	137a易伤2敌人爆炸4a时间5伤害6等级8a掉矿9核a序列升级
88	53341 14131	10	   	271.88	橙3易伤2伤害2等级1时间	17等级2时间3立即金币4加一57伤害678易伤7序列升级9核a全技能
89	23218 78444	10	   	271.88	橙3易伤2伤害2等级1时间	1加一2平台39a易伤4时间59等级69伤害7核8全技能9序列升级
90	23218 78444	9	   	271.88	橙3易伤2伤害2等级1时间	1加一2平台39a易伤4时间59等级69伤害7核8全技能9序列升级
91	24445 46336	3	   	271.88	橙4易伤2伤害2时间	1加一2789易伤3雷电47时间57伤害6随机矿7序列升级a核
92	41122 32244	5	   	271.13	橙3易伤2伤害2时间2雷电1暴击	147易伤2额外掉落34时间47序列升级57雷电67伤害8暴击9赏金塔a核
