0	Index      	Bounty	 *	Score 	Summary	Detail	
1	12623 23633	7	 * 	296.92	橙4易伤2伤害2等级1时间1暴击	12等级346a易伤56伤害6序列升级7核8暴击9时间
2	12623 23633	8	   	296.92	橙4易伤2伤害2等级1时间1暴击	12等级346a易伤56伤害6序列升级7核8暴击9时间
3	25262 22213	4	 * 	291.87	橙5易伤3时间2等级	1随机矿247时间34579易伤47序列升级67等级8赏金邻近a核
4	12623 23652	8	   	288.98	橙4易伤2伤害2等级1暴击	12等级3469易伤56伤害6序列升级7核8暴击a攻速
5	12623 23652	7	   	288.98	橙4易伤2伤害2等级1暴击	12等级3469易伤56伤害6序列升级7核8暴击a攻速
6	16623 23633	8	   	288.84	橙4易伤2伤害1等级1时间1暴击	1等级2立即金币346a易伤56伤害6序列升级7核8暴击9时间
7	16623 23633	7	   	288.84	橙4易伤2伤害1等级1时间1暴击	1等级2立即金币346a易伤56伤害6序列升级7核8暴击9时间
8	14223 51631	2	 * 	286.28	橙3易伤3伤害3等级1时间	19a等级2挖青3雷电49a易伤5时间6金币生成79a伤害8核9a序列升级
9	14223 51631	3	   	286.28	橙3易伤3伤害3等级1时间	19a等级2挖青3雷电49a易伤5时间6金币生成79a伤害8核9a序列升级
10	12623 23223	9	 * 	285.36	橙5易伤2伤害2等级	12等级3469a易伤56伤害6序列升级7核8随机矿
11	12623 23165	10	 * 	285.26	橙5易伤2伤害3等级	128等级3469a易伤56伤害6序列升级7核
12	12623 23632	8	   	284.18	橙3易伤2伤害2等级1时间1暴击	12等级346易伤56伤害6序列升级7核8暴击9时间a雷电
13	12623 23632	7	   	284.18	橙3易伤2伤害2等级1时间1暴击	12等级346易伤56伤害6序列升级7核8暴击9时间a雷电
14	12623 23621	10	   	284.18	橙3易伤2伤害2等级1时间1暴击	12等级346易伤56伤害6序列升级7核8暴击9雷电a时间
15	12622 22322	6	   	283.92	橙5易伤2等级1伤害2攻速	12等级34689易伤56攻速6序列升级7伤害a核
16	12662 22322	6	   	283.92	橙5易伤2等级1伤害2攻速	12等级35689易伤46攻速6序列升级7伤害a核
17	12623 23626	9	   	283.58	橙3易伤3伤害2等级1暴击	12等级346易伤56a伤害6序列升级7核8暴击9雷电
18	12623 23226	10	   	283.27	橙4易伤2伤害2等级1时间	12等级3469易伤56伤害6序列升级7核8随机矿a时间
19	12623 23312	10	 * 	282.67	橙4易伤3伤害2等级	12等级3469易伤56a伤害6序列升级7核8基地爆炸
20	12623 23412	10	   	282.57	橙4易伤3伤害2等级	12等级3469易伤56a伤害6序列升级7核8挖尘
21	12623 25212	10	   	282.57	橙4易伤3伤害2等级	12等级3469易伤56a伤害6序列升级7挖尘8核
22	12623 21132	7	   	280.67	橙4易伤2伤害2等级1暴击	12等级3469易伤56伤害6序列升级7低血量敌人8核a暴击
23	12623 21212	9	   	280.67	橙4易伤2伤害2等级1暴击	12等级3469易伤56伤害6序列升级7低血量敌人8核a暴击
24	12623 21232	8	   	280.67	橙4易伤2伤害2等级1暴击	12等级3469易伤56伤害6序列升级7低血量敌人8核a暴击
25	12623 23312	9	   	280.67	橙4易伤2伤害2等级1暴击	12等级3469易伤56伤害6序列升级7核8基地爆炸a暴击
26	12623 23332	7	   	280.67	橙4易伤2伤害2等级1暴击	12等级3469易伤56伤害6序列升级7核8基地爆炸a暴击
27	12623 23332	8	   	280.67	橙4易伤2伤害2等级1暴击	12等级3469易伤56伤害6序列升级7核8基地爆炸a暴击
28	12623 23512	9	   	280.67	橙4易伤2伤害2等级1暴击	12等级3469易伤56伤害6序列升级7核8最后敌人a暴击
29	12623 23532	8	   	280.67	橙4易伤2伤害2等级1暴击	12等级3469易伤56伤害6序列升级7核8最后敌人a暴击
30	12623 25132	6	   	280.67	橙4易伤2伤害2等级1暴击	12等级3469易伤56伤害6序列升级7最后敌人8核a暴击
31	12623 23623	8	   	280.67	橙4易伤2伤害2等级1暴击	12等级346a易伤56伤害6序列升级7核8暴击9基地爆炸
32	12623 23623	7	   	280.67	橙4易伤2伤害2等级1暴击	12等级346a易伤56伤害6序列升级7核8暴击9基地爆炸
33	12623 23633	9	   	280.67	橙4易伤2伤害2等级1暴击	12等级346a易伤56伤害6序列升级7核8暴击9低血量敌人
34	12623 23651	8	   	280.67	橙4易伤2伤害2等级1暴击	12等级3469易伤56伤害6序列升级7核8暴击a立即金币
35	12623 23651	7	   	280.67	橙4易伤2伤害2等级1暴击	12等级3469易伤56伤害6序列升级7核8暴击a立即金币
36	16623 22132	5	   	280.67	橙4易伤2伤害2等级1暴击	17等级2立即金币3479易伤57伤害6挖青7序列升级8核a暴击
37	12623 23412	9	   	280.57	橙4易伤2伤害2等级1暴击	12等级3469易伤56伤害6序列升级7核8挖尘a暴击
38	12623 23432	8	   	280.57	橙4易伤2伤害2等级1暴击	12等级3469易伤56伤害6序列升级7核8挖尘a暴击
39	12623 23432	7	   	280.57	橙4易伤2伤害2等级1暴击	12等级3469易伤56伤害6序列升级7核8挖尘a暴击
40	12623 25132	7	   	280.57	橙4易伤2伤害2等级1暴击	12等级3469易伤56伤害6序列升级7挖尘8核a暴击
41	12623 25212	9	   	280.57	橙4易伤2伤害2等级1暴击	12等级3469易伤56伤害6序列升级7挖尘8核a暴击
42	12623 25232	8	   	280.57	橙4易伤2伤害2等级1暴击	12等级3469易伤56伤害6序列升级7挖尘8核a暴击
43	12623 23653	8	   	280.57	橙4易伤2伤害2等级1暴击	12等级3469易伤56伤害6序列升级7核8暴击a赏金邻近
44	12623 23653	7	   	280.57	橙4易伤2伤害2等级1暴击	12等级3469易伤56伤害6序列升级7核8暴击a赏金邻近
45	11613 15334	1	 * 	280.27	橙4易伤3等级2时间3雷电	18a等级2平台358雷电468a易伤7核8a序列升级9a时间
46	12452 22225	1	   	279.33	橙4易伤2等级1伤害2攻速1暴击	17等级27攻速3伤害4低血量敌人567a易伤7序列升级8暴击9核
47	12625 23633	7	   	279.23	橙4易伤2等级1伤害1时间1暴击	12等级345a易伤6伤害7核8暴击9时间
48	12625 23633	8	   	279.23	橙4易伤2等级1伤害1时间1暴击	12等级345a易伤6伤害7核8暴击9时间
49	12621 53315	8	   	278.17	橙4易伤3等级2时间	127等级3479易伤5全技能67时间7序列升级8雷电a核
50	12623 23624	10	   	277.59	橙3易伤2伤害2等级1暴击	12等级346易伤56伤害6序列升级7核8暴击9雷电a全技能
51	16623 23223	9	   	277.28	橙5易伤2伤害1等级	1等级2立即金币3469a易伤56伤害6序列升级7核8随机矿
52	12623 23226	9	   	276.68	橙4易伤2伤害2等级	12等级3469易伤56伤害6序列升级7核8随机矿a全技能
53	16623 23632	7	   	276.10	橙3易伤2伤害1等级1时间1暴击	1等级2立即金币346易伤56伤害6序列升级7核8暴击9时间a雷电
54	16623 23632	8	   	276.10	橙3易伤2伤害1等级1时间1暴击	1等级2立即金币346易伤56伤害6序列升级7核8暴击9时间a雷电
55	16623 23621	10	   	276.10	橙3易伤2伤害1等级1时间1暴击	1等级2立即金币346易伤56伤害6序列升级7核8暴击9雷电a时间
56	12623 23614	9	   	275.87	橙3易伤2伤害2等级1时间1暴击	12等级346易伤56伤害6序列升级7核8暴击9立即金币a时间
57	12623 23616	10	   	275.87	橙3易伤2伤害2等级1时间1暴击	12等级346易伤56伤害6序列升级7核8暴击9立即金币a时间
58	12623 23631	7	   	275.87	橙3易伤2伤害2等级1时间1暴击	12等级346易伤56伤害6序列升级7核8暴击9时间a金币生成
59	12623 23631	8	   	275.87	橙3易伤2伤害2等级1时间1暴击	12等级346易伤56伤害6序列升级7核8暴击9时间a金币生成
60	12623 23635	8	   	275.87	橙3易伤2伤害2等级1时间1暴击	12等级346易伤56伤害6序列升级7核8暴击9时间a最后敌人
61	12623 23635	7	   	275.87	橙3易伤2伤害2等级1时间1暴击	12等级346易伤56伤害6序列升级7核8暴击9时间a最后敌人
62	12623 23636	10	   	275.87	橙3易伤2伤害2等级1时间1暴击	12等级346易伤56伤害6序列升级7核8暴击9低血量敌人a时间
63	12623 23642	9	   	275.87	橙3易伤2伤害2等级1时间1暴击	12等级346易伤56伤害6序列升级7核8暴击9矿等a时间
64	12623 23642	10	   	275.87	橙3易伤2伤害2等级1时间1暴击	12等级346易伤56伤害6序列升级7核8暴击9矿等a时间
65	12623 23662	10	   	275.87	橙3易伤2伤害2等级1时间1暴击	12等级346易伤56伤害6序列升级7核8暴击9随机矿a时间
66	12623 23662	9	   	275.87	橙3易伤2伤害2等级1时间1暴击	12等级346易伤56伤害6序列升级7核8暴击9随机矿a时间
67	16622 22322	6	   	275.85	橙5易伤1等级1伤害2攻速	1等级2立即金币34689易伤56攻速6序列升级7伤害a核
68	16662 22322	6	   	275.85	橙5易伤1等级1伤害2攻速	1等级2立即金币35689易伤46攻速6序列升级7伤害a核
69	12623 23636	8	   	275.77	橙3易伤2伤害2等级1时间1暴击	12等级346易伤56伤害6序列升级7核8暴击9时间a挖尘
70	12623 23636	7	   	275.77	橙3易伤2伤害2等级1时间1暴击	12等级346易伤56伤害6序列升级7核8暴击9时间a挖尘
71	12662 31532	3	   	275.77	橙3易伤2伤害2等级1时间1暴击	12等级359易伤4时间6核78伤害a暴击
72	12622 23633	7	   	275.42	橙4易伤2等级2攻速1时间1暴击	12等级346a易伤56攻速6序列升级7核8暴击9时间
73	12622 23633	8	   	275.42	橙4易伤2等级2攻速1时间1暴击	12等级346a易伤56攻速6序列升级7核8暴击9时间
74	12662 23633	8	   	275.42	橙4易伤2等级2攻速1时间1暴击	12等级356a易伤46攻速6序列升级7核8暴击9时间
75	12662 23633	7	   	275.42	橙4易伤2等级2攻速1时间1暴击	12等级356a易伤46攻速6序列升级7核8暴击9时间
76	12623 21134	7	   	275.33	橙4易伤2伤害2等级	12等级3469易伤56伤害6序列升级7低血量敌人8核a雷电
77	12623 21213	10	   	275.33	橙4易伤2伤害2等级	12等级3469易伤56伤害6序列升级7低血量敌人8核a雷电
78	12623 21214	9	   	275.33	橙4易伤2伤害2等级	12等级3469易伤56伤害6序列升级7低血量敌人8核a雷电
79	12623 21234	8	   	275.33	橙4易伤2伤害2等级	12等级3469易伤56伤害6序列升级7低血量敌人8核a雷电
80	12623 21326	10	   	275.33	橙4易伤2伤害2等级	12等级3469易伤56伤害6序列升级7低血量敌人8攻速a核
81	12623 23134	6	   	275.33	橙4易伤2伤害2等级	12等级3469易伤56伤害6序列升级7敌人爆炸8核a雷电
82	12623 23222	9	   	275.33	橙4易伤2伤害2等级	12等级3469易伤56伤害6序列升级7核8随机矿a攻速
83	12623 23225	9	   	275.33	橙4易伤2伤害2等级	12等级3469易伤56伤害6序列升级7核8随机矿a雷电
84	12623 23314	9	   	275.33	橙4易伤2伤害2等级	12等级3469易伤56伤害6序列升级7核8基地爆炸a雷电
85	12623 23316	10	   	275.33	橙4易伤2伤害2等级	12等级3469易伤56伤害6序列升级7核8基地爆炸a雷电
86	12623 23334	8	   	275.33	橙4易伤2伤害2等级	12等级3469易伤56伤害6序列升级7核8基地爆炸a雷电
87	12623 23334	7	   	275.33	橙4易伤2伤害2等级	12等级3469易伤56伤害6序列升级7核8基地爆炸a雷电
88	12623 23513	10	   	275.33	橙4易伤2伤害2等级	12等级3469易伤56伤害6序列升级7核8最后敌人a雷电
89	12623 23514	9	   	275.33	橙4易伤2伤害2等级	12等级3469易伤56伤害6序列升级7核8最后敌人a雷电
90	12623 23534	8	   	275.33	橙4易伤2伤害2等级	12等级3469易伤56伤害6序列升级7核8最后敌人a雷电
91	12623 23552	7	   	275.33	橙4易伤2伤害2等级	12等级346a易伤56伤害6序列升级7核8额外掉落9雷电
92	12623 25134	6	   	275.33	橙4易伤2伤害2等级	12等级3469易伤56伤害6序列升级7最后敌人8核a雷电
93	16623 22134	5	   	275.33	橙4易伤2伤害2等级	17等级2立即金币3479易伤57伤害6挖青7序列升级8核a雷电
94	12623 23161	9	   	275.23	橙4易伤2伤害3等级	128等级3469易伤56伤害6序列升级7核a雷电
95	12623 23414	9	   	275.23	橙4易伤2伤害2等级	12等级3469易伤56伤害6序列升级7核8挖尘a雷电
96	12623 23416	10	   	275.23	橙4易伤2伤害2等级	12等级3469易伤56伤害6序列升级7核8挖尘a雷电
97	12623 23434	8	   	275.23	橙4易伤2伤害2等级	12等级3469易伤56伤害6序列升级7核8挖尘a雷电
98	12623 23434	7	   	275.23	橙4易伤2伤害2等级	12等级3469易伤56伤害6序列升级7核8挖尘a雷电
99	12623 25134	7	   	275.23	橙4易伤2伤害2等级	12等级3469易伤56伤害6序列升级7挖尘8核a雷电
100	12623 25214	9	   	275.23	橙4易伤2伤害2等级	12等级3469易伤56伤害6序列升级7挖尘8核a雷电
101	12623 25216	10	   	275.23	橙4易伤2伤害2等级	12等级3469易伤56伤害6序列升级7挖尘8核a雷电
102	12623 25234	8	   	275.23	橙4易伤2伤害2等级	12等级3469易伤56伤害6序列升级7挖尘8核a雷电
103	16623 23226	10	   	275.19	橙4易伤2伤害1等级1时间	1等级2立即金币3469易伤56伤害6序列升级7核8随机矿a时间
104	12213 31116	7	 * 	275.00	橙2易伤3时间2伤害3等级	123等级49易伤59伤害679时间8全技能9序列升级a核
105	12233 11116	5	   	275.00	橙2易伤3时间2伤害3等级	123等级469时间59伤害79易伤8全技能9序列升级a核
106	12233 31116	6	   	275.00	橙2易伤3时间2伤害3等级	123等级469时间59伤害79易伤8全技能9序列升级a核
107	12233 32116	7	   	275.00	橙2易伤3时间2伤害3等级	123等级469时间59伤害79易伤8全技能9序列升级a核
108	16623 23312	10	   	274.59	橙4易伤3伤害1等级	1等级2立即金币3469易伤56a伤害6序列升级7核8基地爆炸
109	15124 11313	1	 * 	274.54	橙3易伤3时间3等级1暴击	178等级2立即金币3雷电4平台578时间678易伤78序列升级9暴击a核
110	16124 11313	2	   	274.54	橙3易伤3时间3等级1暴击	178等级2立即金币3雷电4平台578时间678易伤78序列升级9暴击a核
111	16124 11313	4	   	274.54	橙3易伤3时间3等级1暴击	178等级2立即金币3平台4雷电578时间678易伤78序列升级9暴击a核
112	16623 23412	10	   	274.49	橙4易伤3伤害1等级	1等级2立即金币3469易伤56a伤害6序列升级7核8挖尘
113	16623 25212	10	   	274.49	橙4易伤3伤害1等级	1等级2立即金币3469易伤56a伤害6序列升级7挖尘8核
114	12623 23624	9	   	274.48	橙3易伤2伤害2等级2雷电1暴击	12等级346易伤56伤害6序列升级7核8暴击9a雷电
115	12623 23622	9	 * 	274.24	橙3易伤2伤害2等级2暴击	12等级346易伤56伤害6序列升级7核8a暴击9雷电
116	12623 23642	8	   	274.24	橙3易伤2伤害2等级2暴击	12等级346易伤56伤害6序列升级7核8a暴击9雷电
117	12623 23642	7	   	274.24	橙3易伤2伤害2等级2暴击	12等级346易伤56伤害6序列升级7核8a暴击9雷电
118	25262 22152	4	   	273.53	橙4易伤3时间2等级	1随机矿247时间3457易伤47序列升级67等级8低血量敌人9加一a核
119	55412 22132	2	 * 	272.97	橙3易伤2等级2时间1伤害1暴击	14立即金币27时间3伤害579易伤67等级7序列升级8核a暴击
120	55422 22132	2	   	272.97	橙3易伤2等级2时间1伤害1暴击	1立即金币27时间3伤害4双倍矿579易伤67等级7序列升级8核a暴击
121	16623 21132	7	   	272.59	橙4易伤2伤害1等级1暴击	1等级2立即金币3469易伤56伤害6序列升级7低血量敌人8核a暴击
122	16623 21212	9	   	272.59	橙4易伤2伤害1等级1暴击	1等级2立即金币3469易伤56伤害6序列升级7低血量敌人8核a暴击
123	16623 21232	8	   	272.59	橙4易伤2伤害1等级1暴击	1等级2立即金币3469易伤56伤害6序列升级7低血量敌人8核a暴击
124	16623 23312	9	   	272.59	橙4易伤2伤害1等级1暴击	1等级2立即金币3469易伤56伤害6序列升级7核8基地爆炸a暴击
125	16623 23332	7	   	272.59	橙4易伤2伤害1等级1暴击	1等级2立即金币3469易伤56伤害6序列升级7核8基地爆炸a暴击
126	16623 23332	8	   	272.59	橙4易伤2伤害1等级1暴击	1等级2立即金币3469易伤56伤害6序列升级7核8基地爆炸a暴击
127	16623 23512	9	   	272.59	橙4易伤2伤害1等级1暴击	1等级2立即金币3469易伤56伤害6序列升级7核8最后敌人a暴击
128	16623 23532	8	   	272.59	橙4易伤2伤害1等级1暴击	1等级2立即金币3469易伤56伤害6序列升级7核8最后敌人a暴击
129	16623 23623	7	   	272.59	橙4易伤2伤害1等级1暴击	1等级2立即金币346a易伤56伤害6序列升级7核8暴击9基地爆炸
130	16623 23623	8	   	272.59	橙4易伤2伤害1等级1暴击	1等级2立即金币346a易伤56伤害6序列升级7核8暴击9基地爆炸
131	16623 23633	9	   	272.59	橙4易伤2伤害1等级1暴击	1等级2立即金币346a易伤56伤害6序列升级7核8暴击9低血量敌人
132	16623 25132	6	   	272.59	橙4易伤2伤害1等级1暴击	1等级2立即金币3469易伤56伤害6序列升级7最后敌人8核a暴击
133	16623 23412	9	   	272.49	橙4易伤2伤害1等级1暴击	1等级2立即金币3469易伤56伤害6序列升级7核8挖尘a暴击
134	16623 23432	7	   	272.49	橙4易伤2伤害1等级1暴击	1等级2立即金币3469易伤56伤害6序列升级7核8挖尘a暴击
135	16623 23432	8	   	272.49	橙4易伤2伤害1等级1暴击	1等级2立即金币3469易伤56伤害6序列升级7核8挖尘a暴击
136	16623 25132	7	   	272.49	橙4易伤2伤害1等级1暴击	1等级2立即金币3469易伤56伤害6序列升级7挖尘8核a暴击
137	16623 25212	9	   	272.49	橙4易伤2伤害1等级1暴击	1等级2立即金币3469易伤56伤害6序列升级7挖尘8核a暴击
138	16623 25232	8	   	272.49	橙4易伤2伤害1等级1暴击	1等级2立即金币3469易伤56伤害6序列升级7挖尘8核a暴击
139	16623 23132	9	   	271.28	橙3易伤3伤害2等级	18等级2立即金币346易伤56a伤害6序列升级7核9全技能
140	12623 22312	5	   	270.43	橙3易伤2伤害3等级1时间	127等级347易伤57伤害6挖青7序列升级8攻速9时间a核
141	12623 23166	8	   	269.83	橙3易伤3伤害3等级	128等级346易伤569伤害6序列升级7核a雷电
142	12623 21234	10	   	269.28	橙3易伤2伤害2等级1暴击	12等级346易伤56伤害6序列升级7低血量敌人8核9全技能a暴击
143	12623 23534	10	   	269.28	橙3易伤2伤害2等级1暴击	12等级346易伤56伤害6序列升级7核8最后敌人9全技能a暴击
144	16623 23131	10	   	269.28	橙3易伤2伤害2等级1暴击	18等级2立即金币346易伤56伤害6序列升级7核9全技能a暴击
145	16623 23136	9	   	269.28	橙3易伤2伤害2等级1暴击	18等级2立即金币346易伤56伤害6序列升级7核9全技能a暴击
146	16623 23226	9	   	268.60	橙4易伤2伤害1等级	1等级2立即金币3469易伤56伤害6序列升级7核8随机矿a全技能
147	12412 32132	1	   	268.03	橙3易伤2伤害2等级1暴击	17等级2攻速37伤害4立即金币579易伤6随机矿7序列升级8核a暴击
148	12412 32163	1	   	268.03	橙3易伤2伤害2等级1暴击	17等级2攻速37伤害4立即金币57a易伤6随机矿7序列升级8核9暴击
149	12422 32132	1	   	268.03	橙3易伤2伤害2等级1暴击	17等级2攻速37伤害4双倍矿579易伤6随机矿7序列升级8核a暴击
150	12422 32163	1	   	268.03	橙3易伤2伤害2等级1暴击	17等级2攻速37伤害4双倍矿57a易伤6随机矿7序列升级8核9暴击
151	15222 32132	1	   	268.03	橙3易伤2伤害2等级1暴击	17等级2立即金币3攻速47伤害579易伤6随机矿7序列升级8核a暴击
152	15222 32163	1	   	268.03	橙3易伤2伤害2等级1暴击	17等级2立即金币3攻速47伤害57a易伤6随机矿7序列升级8核9暴击
153	16222 32132	2	   	268.03	橙3易伤2伤害2等级1暴击	17等级2立即金币3攻速47伤害579易伤6随机矿7序列升级8核a暴击
154	16222 32163	2	   	268.03	橙3易伤2伤害2等级1暴击	17等级2立即金币3攻速47伤害57a易伤6随机矿7序列升级8核9暴击
155	25422 22132	1	   	268.03	橙3易伤2伤害2等级1暴击	12随机矿37伤害4攻速579易伤67等级7序列升级8核a暴击
156	25422 22163	1	   	268.03	橙3易伤2伤害2等级1暴击	12随机矿37伤害4攻速57a易伤67等级7序列升级8核9暴击
157	12623 21625	10	   	267.93	橙3易伤2伤害2等级1暴击	12等级346易伤56伤害6序列升级7低血量敌人8暴击9雷电a核
158	12623 23112	7	   	267.93	橙3易伤2伤害2等级1暴击	12等级346易伤56伤害6序列升级7核8随机矿9攻速a暴击
159	12623 23212	8	   	267.93	橙3易伤2伤害2等级1暴击	12等级346易伤56伤害6序列升级7核8随机矿9攻速a暴击
160	12623 23612	9	   	267.93	橙3易伤2伤害2等级1暴击	12等级346易伤56伤害6序列升级7核8暴击9立即金币a攻速
161	12623 23613	10	   	267.93	橙3易伤2伤害2等级1暴击	12等级346易伤56伤害6序列升级7核8暴击9立即金币a攻速
162	12623 23622	8	   	267.93	橙3易伤2伤害2等级1暴击	12等级346易伤56伤害6序列升级7核8暴击9基地爆炸a雷电
163	12623 23622	7	   	267.93	橙3易伤2伤害2等级1暴击	12等级346易伤56伤害6序列升级7核8暴击9基地爆炸a雷电
164	12623 23632	9	   	267.93	橙3易伤2伤害2等级1暴击	12等级346易伤56伤害6序列升级7核8暴击9低血量敌人a雷电
165	12623 23621	9	   	267.93	橙3易伤2伤害2等级1暴击	12等级346易伤56伤害6序列升级7核8暴击9雷电a立即金币
166	12623 23623	10	   	267.93	橙3易伤2伤害2等级1暴击	12等级346易伤56伤害6序列升级7核8暴击9雷电a金币生成
167	12623 23625	10	   	267.93	橙3易伤2伤害2等级1暴击	12等级346易伤56伤害6序列升级7核8暴击9雷电a最后敌人
168	12623 23625	9	   	267.93	橙3易伤2伤害2等级1暴击	12等级346易伤56伤害6序列升级7核8暴击9雷电a策反
169	12623 23641	7	   	267.93	橙3易伤2伤害2等级1暴击	12等级346易伤56伤害6序列升级7核8暴击9雷电a立即金币
170	12623 23641	8	   	267.93	橙3易伤2伤害2等级1暴击	12等级346易伤56伤害6序列升级7核8暴击9雷电a立即金币
171	12623 23663	8	   	267.83	橙3易伤2伤害2等级1暴击	12等级346易伤56伤害6序列升级7核8暴击9赏金邻近a雷电
172	12623 23663	7	   	267.83	橙3易伤2伤害2等级1暴击	12等级346易伤56伤害6序列升级7核8暴击9赏金邻近a雷电
173	16623 23631	8	   	267.79	橙3易伤2伤害1等级1时间1暴击	1等级2立即金币346易伤56伤害6序列升级7核8暴击9时间a金币生成
174	16623 23631	7	   	267.79	橙3易伤2伤害1等级1时间1暴击	1等级2立即金币346易伤56伤害6序列升级7核8暴击9时间a金币生成
175	12625 23223	9	   	267.67	橙5易伤2等级1伤害	12等级3459a易伤6伤害7核8随机矿
176	63212 31721	4	   	267.39	橙3易伤3伤害1等级1暴击	178敌人爆炸2基地爆炸3加一478伤害578易伤6核78序列升级9等级a暴击
177	16622 23633	8	   	267.34	橙4易伤1等级2攻速1时间1暴击	1等级2立即金币346a易伤56攻速6序列升级7核8暴击9时间
178	16622 23633	7	   	267.34	橙4易伤1等级2攻速1时间1暴击	1等级2立即金币346a易伤56攻速6序列升级7核8暴击9时间
179	16623 21134	7	   	267.25	橙4易伤2伤害1等级	1等级2立即金币3469易伤56伤害6序列升级7低血量敌人8核a雷电
180	16623 21213	10	   	267.25	橙4易伤2伤害1等级	1等级2立即金币3469易伤56伤害6序列升级7低血量敌人8核a雷电
181	16623 21214	9	   	267.25	橙4易伤2伤害1等级	1等级2立即金币3469易伤56伤害6序列升级7低血量敌人8核a雷电
182	16623 21234	8	   	267.25	橙4易伤2伤害1等级	1等级2立即金币3469易伤56伤害6序列升级7低血量敌人8核a雷电
183	16623 21326	10	   	267.25	橙4易伤2伤害1等级	1等级2立即金币3469易伤56伤害6序列升级7低血量敌人8攻速a核
184	16623 23134	6	   	267.25	橙4易伤2伤害1等级	1等级2立即金币3469易伤56伤害6序列升级7敌人爆炸8核a雷电
185	16623 23222	9	   	267.25	橙4易伤2伤害1等级	1等级2立即金币3469易伤56伤害6序列升级7核8随机矿a攻速
186	16623 23225	9	   	267.25	橙4易伤2伤害1等级	1等级2立即金币3469易伤56伤害6序列升级7核8随机矿a雷电
187	16623 23314	9	   	267.25	橙4易伤2伤害1等级	1等级2立即金币3469易伤56伤害6序列升级7核8基地爆炸a雷电
188	16623 23316	10	   	267.25	橙4易伤2伤害1等级	1等级2立即金币3469易伤56伤害6序列升级7核8基地爆炸a雷电
189	16623 23334	8	   	267.25	橙4易伤2伤害1等级	1等级2立即金币3469易伤56伤害6序列升级7核8基地爆炸a雷电
190	16623 23334	7	   	267.25	橙4易伤2伤害1等级	1等级2立即金币3469易伤56伤害6序列升级7核8基地爆炸a雷电
191	16623 23513	10	   	267.25	橙4易伤2伤害1等级	1等级2立即金币3469易伤56伤害6序列升级7核8最后敌人a雷电
192	12623 21113	7	   	267.02	橙4易伤2伤害2等级	12等级346a易伤56伤害6序列升级7低血量敌人8核9平台
193	12623 21131	7	   	267.02	橙4易伤2伤害2等级	12等级3469易伤56伤害6序列升级7低血量敌人8核a敌人爆炸
194	12623 21135	7	   	267.02	橙4易伤2伤害2等级	12等级3469易伤56伤害6序列升级7低血量敌人8核a立即金币
195	12623 21211	10	   	267.02	橙4易伤2伤害2等级	12等级3469易伤56伤害6序列升级7低血量敌人8核a额外掉落
196	12623 21211	9	   	267.02	橙4易伤2伤害2等级	12等级3469易伤56伤害6序列升级7低血量敌人8核a敌人爆炸
197	12623 21213	8	   	267.02	橙4易伤2伤害2等级	12等级346a易伤56伤害6序列升级7低血量敌人8核9平台
198	12623 21214	10	   	267.02	橙4易伤2伤害2等级	12等级3469易伤56伤害6序列升级7低血量敌人8核a金币生成
199	12623 21215	9	   	267.02	橙4易伤2伤害2等级	12等级3469易伤56伤害6序列升级7低血量敌人8核a立即金币
200	12623 21231	8	   	267.02	橙4易伤2伤害2等级	12等级3469易伤56伤害6序列升级7低血量敌人8核a敌人爆炸
201	12623 21235	8	   	267.02	橙4易伤2伤害2等级	12等级3469易伤56伤害6序列升级7低血量敌人8核a立即金币
202	12623 21255	10	   	267.02	橙4易伤2伤害2等级	12等级346a易伤56伤害6序列升级7低血量敌人8核9最后敌人
203	12623 23113	6	   	267.02	橙4易伤2伤害2等级	12等级346a易伤56伤害6序列升级7敌人爆炸8核9平台
204	12623 23131	6	   	267.02	橙4易伤2伤害2等级	12等级3469易伤56伤害6序列升级7a敌人爆炸8核
205	12623 23132	6	   	267.02	橙4易伤2伤害2等级	12等级3469易伤56伤害6序列升级7敌人爆炸8核a低血量敌人
206	12623 23133	6	   	267.02	橙4易伤2伤害2等级	12等级3469易伤56伤害6序列升级7敌人爆炸8核a基地爆炸
207	12623 23135	6	   	267.02	橙4易伤2伤害2等级	12等级3469易伤56伤害6序列升级7敌人爆炸8核a立即金币
208	12623 23163	7	   	267.02	橙4易伤2伤害2等级	12等级346a易伤56伤害6序列升级7核8随机矿9立即金币
209	12623 23212	10	   	267.02	橙4易伤2伤害2等级	12等级346a易伤56伤害6序列升级7核8随机矿9基地爆炸
210	12623 23221	10	   	267.02	橙4易伤2伤害2等级	12等级3469易伤56伤害6序列升级7核8随机矿a额外掉落
211	12623 23232	10	   	267.02	橙4易伤2伤害2等级	12等级346a易伤56伤害6序列升级7核8随机矿9低血量敌人
212	12623 23242	10	   	267.02	橙4易伤2伤害2等级	12等级346a易伤56伤害6序列升级7核8随机矿9最后敌人
213	12623 23263	8	   	267.02	橙4易伤2伤害2等级	12等级346a易伤56伤害6序列升级7核8随机矿9立即金币
214	12623 23311	10	   	267.02	橙4易伤2伤害2等级	12等级3469易伤56伤害6序列升级7核8基地爆炸a立即金币
215	12623 23311	9	   	267.02	橙4易伤2伤害2等级	12等级3469易伤56伤害6序列升级7核8基地爆炸a敌人爆炸
216	12623 23313	7	   	267.02	橙4易伤2伤害2等级	12等级346a易伤56伤害6序列升级7核8基地爆炸9平台
217	12623 23313	10	   	267.02	橙4易伤2伤害2等级	12等级3469易伤56伤害6序列升级7核8基地爆炸a最后敌人
218	12623 23313	8	   	267.02	橙4易伤2伤害2等级	12等级346a易伤56伤害6序列升级7核8基地爆炸9平台
219	12623 23314	10	   	267.02	橙4易伤2伤害2等级	12等级3469易伤56伤害6序列升级7核8基地爆炸a金币生成
220	12623 23315	9	   	267.02	橙4易伤2伤害2等级	12等级3469易伤56伤害6序列升级7核8基地爆炸a立即金币
221	12623 23331	7	   	267.02	橙4易伤2伤害2等级	12等级3469易伤56伤害6序列升级7核8基地爆炸a敌人爆炸
222	12623 23331	8	   	267.02	橙4易伤2伤害2等级	12等级3469易伤56伤害6序列升级7核8基地爆炸a敌人爆炸
223	12623 23335	7	   	267.02	橙4易伤2伤害2等级	12等级3469易伤56伤害6序列升级7核8基地爆炸a立即金币
224	12623 23335	8	   	267.02	橙4易伤2伤害2等级	12等级3469易伤56伤害6序列升级7核8基地爆炸a立即金币
225	12623 23355	10	   	267.02	橙4易伤2伤害2等级	12等级346a易伤56伤害6序列升级7核8基地爆炸9最后敌人
226	12623 23511	10	   	267.02	橙4易伤2伤害2等级	12等级3469易伤56伤害6序列升级7核8最后敌人a额外掉落
227	12623 23511	9	   	267.02	橙4易伤2伤害2等级	12等级3469易伤56伤害6序列升级7核8最后敌人a敌人爆炸
228	12623 23513	8	   	267.02	橙4易伤2伤害2等级	12等级346a易伤56伤害6序列升级7核8最后敌人9平台
229	12623 23514	10	   	267.02	橙4易伤2伤害2等级	12等级3469易伤56伤害6序列升级7核8最后敌人a金币生成
230	12623 23515	9	   	267.02	橙4易伤2伤害2等级	12等级3469易伤56伤害6序列升级7核8最后敌人a立即金币
231	12623 23531	8	   	267.02	橙4易伤2伤害2等级	12等级3469易伤56伤害6序列升级7核8最后敌人a敌人爆炸
232	12623 23535	8	   	267.02	橙4易伤2伤害2等级	12等级3469易伤56伤害6序列升级7核8最后敌人a立即金币
233	12623 23542	7	   	267.02	橙4易伤2伤害2等级	12等级3469易伤56伤害6序列升级7核8额外掉落a基地爆炸
234	12623 23543	7	   	267.02	橙4易伤2伤害2等级	12等级3469易伤56伤害6序列升级7核8额外掉落a策反
235	12623 25113	6	   	267.02	橙4易伤2伤害2等级	12等级346a易伤56伤害6序列升级7最后敌人8核9平台
236	12623 25131	6	   	267.02	橙4易伤2伤害2等级	12等级3469易伤56伤害6序列升级7最后敌人8核a敌人爆炸
237	12623 25135	6	   	267.02	橙4易伤2伤害2等级	12等级3469易伤56伤害6序列升级7最后敌人8核a立即金币
238	12623 22312	7	   	267.02	橙4易伤2伤害2等级	12等级3468易伤56伤害6序列升级7矿等9双倍矿a核
239	12623 22334	7	   	267.02	橙4易伤2伤害2等级	12等级3468易伤56伤害6序列升级7矿等9金币生成a核
240	12623 22512	9	   	267.02	橙4易伤2伤害2等级	12等级3468易伤56伤害6序列升级7矿等9双倍矿a核
241	12623 22512	8	   	267.02	橙4易伤2伤害2等级	12等级3468易伤56伤害6序列升级7矿等9双倍矿a核
242	12623 22534	8	   	267.02	橙4易伤2伤害2等级	12等级3468易伤56伤害6序列升级7矿等9金币生成a核
243	12623 24312	6	   	267.02	橙4易伤2伤害2等级	12等级3468易伤56伤害6序列升级7金币生成9双倍矿a核
244	12623 24332	6	   	267.02	橙4易伤2伤害2等级	12等级3468易伤56伤害6序列升级79金币生成a核
245	12623 26312	7	   	267.02	橙4易伤2伤害2等级	12等级3468易伤56伤害6序列升级7金币生成9双倍矿a核
246	12623 26332	7	   	267.02	橙4易伤2伤害2等级	12等级3468易伤56伤害6序列升级79金币生成a核
247	16623 21215	10	   	267.02	橙4易伤2伤害2等级	1a等级2立即金币3469易伤56伤害6序列升级7低血量敌人8核
248	16623 22113	5	   	267.02	橙4易伤2伤害2等级	17等级2立即金币347a易伤57伤害6挖青7序列升级8核9平台
249	16623 22131	5	   	267.02	橙4易伤2伤害2等级	17等级2立即金币3479易伤57伤害6挖青7序列升级8核a敌人爆炸
250	16623 22135	5	   	267.02	橙4易伤2伤害2等级	17等级2a立即金币3479易伤57伤害6挖青7序列升级8核
251	16623 22222	7	   	267.02	橙4易伤2伤害2等级	18等级2立即金币3469易伤56伤害6序列升级7矿等a核
252	16623 23113	8	   	267.02	橙4易伤2伤害2等级	18等级2立即金币346a易伤56伤害6序列升级7核9平台
253	16623 23315	10	   	267.02	橙4易伤2伤害2等级	1a等级2立即金币3469易伤56伤害6序列升级7核8基地爆炸
254	16623 24222	6	   	267.02	橙4易伤2伤害2等级	18等级2立即金币3469易伤56伤害6序列升级7金币生成a核
255	16623 26222	7	   	267.02	橙4易伤2伤害2等级	18等级2立即金币3469易伤56伤害6序列升级7金币生成a核
256	16623 32643	6	   	267.02	橙4易伤2伤害2等级	17等级2立即金币3479易伤57伤害6加一7序列升级8额外掉落a核
