0	Index      	Bounty	 *	Score 	Summary	Detail	
1	12132 52216	2	 * 	309.19	橙5易伤3伤害1等级1时间	13458易伤248伤害48序列升级6核7加一9时间a等级
2	14132 52216	1	   	309.19	橙5易伤3伤害1等级1时间	13458易伤248伤害48序列升级6核7加一9时间a等级
3	12132 52224	2	   	301.24	橙5易伤3伤害1等级	13458易伤248伤害48序列升级6核7加一9雷电a等级
4	14132 52224	1	   	301.24	橙5易伤3伤害1等级	13458易伤248伤害48序列升级6核7加一9雷电a等级
5	12431 23326	2	 * 	300.96	橙4易伤3伤害3时间	1478易伤234伤害478序列升级578时间6随机矿9雷电a核
6	14431 23326	1	   	300.96	橙4易伤3伤害3时间	1478易伤234伤害478序列升级578时间6随机矿9雷电a核
7	12132 52212	2	 * 	297.57	橙5易伤3伤害2时间	13458易伤248伤害48序列升级6核7加一9a时间
8	12136 11321	2	   	297.57	橙5易伤3伤害2时间	13468易伤248伤害48序列升级58时间7赏金邻近9挖尘a核
9	12136 11342	2	   	297.57	橙5易伤3伤害2时间	13468易伤248伤害48序列升级58时间7赏金邻近9掉矿a核
10	12136 12256	2	   	297.57	橙5易伤3伤害2时间	13468易伤248伤害48序列升级58时间7加一9赏金塔a核
11	14132 52212	1	   	297.57	橙5易伤3伤害2时间	13458易伤248伤害48序列升级6核7加一9a时间
12	14136 11321	1	   	297.57	橙5易伤3伤害2时间	13468易伤248伤害48序列升级58时间7赏金邻近9挖尘a核
13	14136 11342	1	   	297.57	橙5易伤3伤害2时间	13468易伤248伤害48序列升级58时间7赏金邻近9掉矿a核
14	25611 11321	1	   	297.57	橙5易伤3伤害2时间	18时间23568易伤458伤害58序列升级7赏金邻近9挖尘a核
15	25611 11342	1	   	297.57	橙5易伤3伤害2时间	18时间23568易伤458伤害58序列升级7赏金邻近9掉矿a核
16	12132 56252	2	   	293.53	橙5易伤2伤害1等级1时间	13457易伤24伤害4序列升级6核8敌人爆炸9等级a时间
17	12132 52462	2	   	293.43	橙5易伤2伤害1等级1时间	13458易伤24伤害4序列升级6核7加一9等级a时间
18	12136 12465	2	   	293.43	橙5易伤2伤害1等级1时间	13468易伤24伤害4序列升级5时间7加一9等级a核
19	14132 52462	1	   	293.43	橙5易伤2伤害1等级1时间	13458易伤24伤害4序列升级6核7加一9等级a时间
20	12132 52386	2	   	293.04	橙5易伤3伤害1等级	13459易伤249伤害49序列升级6核7加一89最后敌人a等级
21	12132 52266	2	   	292.94	橙5易伤3伤害1等级	13458易伤248伤害48序列升级6核7加一9敌人爆炸a等级
22	62332 52218	3	   	292.94	橙5易伤3伤害1等级	1立即金币248伤害3458a易伤48序列升级6核7加一9等级
23	12132 52286	2	   	292.84	橙5易伤3伤害1等级	13458易伤248伤害48序列升级6核7加一9挖尘a等级
24	12142 52218	2	   	292.84	橙5易伤3伤害1等级	1358a易伤248伤害6核7加一8序列升级9等级
25	12136 61321	2	   	292.45	橙4易伤3伤害3时间	1348易伤248伤害48序列升级568时间7赏金邻近9挖尘a核
26	12136 61342	2	   	292.45	橙4易伤3伤害3时间	1348易伤248伤害48序列升级568时间7赏金邻近9掉矿a核
27	12136 61351	2	   	292.45	橙4易伤3伤害3时间	1348易伤248伤害48序列升级568时间7赏金邻近9挖青a核
28	14136 61321	1	   	292.45	橙4易伤3伤害3时间	1348易伤248伤害48序列升级568时间7赏金邻近9挖尘a核
29	25411 11321	2	   	292.45	橙4易伤3伤害3时间	128时间3568易伤458伤害58序列升级7赏金邻近9挖尘a核
30	25411 11342	2	   	292.45	橙4易伤3伤害3时间	128时间3568易伤458伤害58序列升级7赏金邻近9掉矿a核
31	25411 11351	2	   	292.45	橙4易伤3伤害3时间	128时间3568易伤458伤害58序列升级7赏金邻近9挖青a核
32	25611 61321	1	   	292.45	橙4易伤3伤害3时间	168时间2358易伤458伤害58序列升级7赏金邻近9挖尘a核
33	62332 52216	3	   	290.84	橙4易伤3伤害1等级1时间	1立即金币248伤害3458易伤48序列升级6核7加一9等级a时间
34	12142 52216	2	   	290.74	橙4易伤3伤害1等级1时间	1358易伤248伤害6核7加一8序列升级9等级a时间
35	12132 54211	2	   	288.24	橙4易伤3伤害1等级1暴击	1345易伤247伤害4序列升级6核8平台9暴击a等级
36	14132 54211	1	   	288.24	橙4易伤3伤害1等级1暴击	1345易伤247伤害4序列升级6核8平台9暴击a等级
37	12132 56251	2	   	285.59	橙5易伤2伤害1等级	13457易伤24伤害4序列升级6核8敌人爆炸9等级a攻速
38	12132 52461	2	   	285.49	橙5易伤2伤害1等级	13458易伤24伤害4序列升级6核7加一9等级a攻速
39	14132 52461	1	   	285.49	橙5易伤2伤害1等级	13458易伤24伤害4序列升级6核7加一9等级a攻速
40	12413 52314	4	   	285.20	橙4易伤3时间2伤害	178a易伤28伤害3敌人爆炸4雷电568时间8序列升级9核
41	12431 43115	2	 * 	284.58	橙3易伤3伤害2时间1等级	147易伤234伤害47序列升级57时间67策反8低血量敌人9核a等级
42	11131 55612	10	   	284.38	橙3易伤3伤害2时间1等级	189易伤2挖青3等级469伤害59时间7立即金币9序列升级a核
43	12132 52382	2	   	283.08	橙5易伤3伤害1时间	13459易伤249伤害49序列升级6核7加一89最后敌人a时间
44	14132 52382	1	   	283.08	橙5易伤3伤害1时间	13459易伤249伤害49序列升级6核7加一89最后敌人a时间
45	12132 52211	2	   	282.98	橙5易伤3伤害1时间	13458易伤248伤害48序列升级6核7加一9时间a平台
46	12132 52213	2	   	282.98	橙5易伤3伤害1时间	13458易伤248伤害48序列升级6核7加一9时间a额外掉落
47	12132 52214	2	   	282.98	橙5易伤3伤害1时间	13458易伤248伤害48序列升级6核7加一9时间a双倍矿
48	12132 52215	2	   	282.98	橙5易伤3伤害1时间	13458易伤248伤害48序列升级6核7加一9时间a低血量敌人
49	12132 52217	2	   	282.98	橙5易伤3伤害1时间	13458易伤248伤害48序列升级6核7加一9时间a金币生成
50	12132 52262	2	   	282.98	橙5易伤3伤害1时间	13458易伤248伤害48序列升级6核7加一9敌人爆炸a时间
51	14132 52211	1	   	282.98	橙5易伤3伤害1时间	13458易伤248伤害48序列升级6核7加一9时间a平台
52	14132 52213	1	   	282.98	橙5易伤3伤害1时间	13458易伤248伤害48序列升级6核7加一9时间a额外掉落
53	14132 52214	1	   	282.98	橙5易伤3伤害1时间	13458易伤248伤害48序列升级6核7加一9时间a双倍矿
54	14132 52215	1	   	282.98	橙5易伤3伤害1时间	13458易伤248伤害48序列升级6核7加一9时间a低血量敌人
55	14132 52217	1	   	282.98	橙5易伤3伤害1时间	13458易伤248伤害48序列升级6核7加一9时间a金币生成
56	14132 52262	1	   	282.98	橙5易伤3伤害1时间	13458易伤248伤害48序列升级6核7加一9敌人爆炸a时间
57	12132 52218	2	   	282.88	橙5易伤3伤害1时间	13458易伤248伤害48序列升级6核7加一9时间a挖尘
58	12132 52282	2	   	282.88	橙5易伤3伤害1时间	13458易伤248伤害48序列升级6核7加一9挖尘a时间
59	12132 54153	2	   	282.88	橙5易伤3伤害1时间	13459易伤247伤害4序列升级6核8掉矿a时间
60	14132 52218	1	   	282.88	橙5易伤3伤害1时间	13458易伤248伤害48序列升级6核7加一9时间a挖尘
61	14132 52282	1	   	282.88	橙5易伤3伤害1时间	13458易伤248伤害48序列升级6核7加一9挖尘a时间
62	62332 55211	3	 * 	282.87	橙4易伤3伤害2等级	1立即金币248伤害3458易伤48序列升级6核78最后敌人9a等级
63	12142 55211	2	   	282.77	橙4易伤3伤害2等级	1358易伤248伤害6核78最后敌人8序列升级9a等级
64	12132 54611	2	   	282.67	橙4易伤3伤害2等级	1345易伤247伤害4序列升级6核8最后敌人9a等级
65	62252 23612	4	 * 	282.67	橙4易伤3伤害3等级	1立即金币267伤害3掉矿479等级567a易伤67序列升级8核
66	12132 55621	2	   	282.67	橙4易伤3伤害2等级	1345易伤249伤害4序列升级6核7最后敌人8a等级
67	62332 52211	3	   	282.67	橙4易伤3伤害2等级	1立即金币248伤害3458易伤48序列升级6核7加一9a等级
68	12142 52211	2	   	282.57	橙4易伤3伤害2等级	1358易伤248伤害6核7加一8序列升级9a等级
69	14142 52211	1	   	282.57	橙4易伤3伤害2等级	1358易伤248伤害6核7加一8序列升级9a等级
70	62332 56323	3	   	280.90	橙4易伤2伤害1等级1暴击	1立即金币24伤害3457易伤4序列升级6核8雷电9等级a暴击
71	12463 21353	2	   	280.89	橙4易伤3伤害2攻速1时间	189a易伤238伤害4基地爆炸5时间6核78攻速8序列升级
72	12142 56323	2	   	280.80	橙4易伤2伤害1等级1暴击	1357易伤24伤害6核8雷电9等级a暴击
73	12132 55213	2	   	280.58	橙5易伤3伤害1暴击	13458易伤248伤害48序列升级6核78最后敌人9暴击a金币生成
74	12132 55253	2	   	280.58	橙5易伤3伤害1暴击	13458易伤248伤害489序列升级6核789最后敌人a暴击
75	14132 55213	1	   	280.58	橙5易伤3伤害1暴击	13458易伤248伤害48序列升级6核78最后敌人9暴击a金币生成
76	12132 55212	2	   	280.48	橙5易伤3伤害1暴击	13458易伤248伤害48序列升级6核78最后敌人9暴击a挖尘
77	12132 55216	2	   	280.48	橙5易伤3伤害1暴击	13458易伤248伤害48序列升级6核78最后敌人9暴击a掉矿
78	14132 55212	1	   	280.48	橙5易伤3伤害1暴击	13458易伤248伤害48序列升级6核78最后敌人9暴击a挖尘
79	12132 52277	2	   	280.38	橙5易伤3伤害1暴击	13458易伤248伤害48序列升级6核7加一9平台a暴击
80	12653 12243	9	   	280.30	橙3易伤3时间2伤害2攻速	17a易伤2a伤害37掉矿4雷电5a攻速679时间7a序列升级8核
81	12132 54362	2	   	279.23	橙4易伤3伤害2时间	1345易伤247伤害4序列升级6核8立即金币9a时间
