0	Index      	Bounty	 *	Score 	Summary	Detail	
1	13333 54343	6	 * 	301.02	橙5易伤3伤害2等级	147伤害2挖青34679易伤47序列升级57等级8掉矿a核
2	13333 46125	6	   	299.02	橙4易伤3伤害2等级1时间	148伤害2挖青348a易伤48序列升级58等级6额外掉落7核9时间
3	13333 56513	7	 * 	292.56	橙3易伤3伤害2等级2时间	148伤害2挖青346易伤48序列升级58等级78时间9基地爆炸a核
4	13333 56523	7	   	292.56	橙3易伤3伤害2等级2时间	148伤害2挖青346易伤48序列升级58等级78时间9核a随机矿
5	13333 56533	7	   	292.56	橙3易伤3伤害2等级2时间	148伤害2挖青346易伤48序列升级58等级78时间9最后敌人a核
6	23126 22131	1	 * 	292.55	橙4易伤3伤害3时间	1279易伤3金币生成479时间579伤害6双倍物品79序列升级8赏金塔a核
7	25626 22131	1	   	292.55	橙4易伤3伤害3时间	1379易伤2金币生成479时间579伤害6双倍物品79序列升级8赏金塔a核
8	13333 56521	7	   	292.46	橙3易伤3伤害2等级2时间	148伤害2挖青346易伤48序列升级58等级78时间9核a掉矿
9	21231 44331	1	   	292.45	橙4易伤3伤害3时间	169a易伤279伤害3赏金邻近459时间8核9序列升级
10	23234 44331	4	   	292.45	橙4易伤3伤害3时间	169a易伤239时间479伤害5赏金邻近8核9序列升级
11	23623 14331	1	   	292.45	橙4易伤3伤害3时间	129a易伤349时间579伤害6赏金邻近8核9序列升级
12	13333 54225	6	   	291.08	橙4易伤3伤害2等级	147伤害2挖青3467易伤47序列升级57等级8低血量敌人9核a雷电
13	13333 54422	6	   	290.98	橙4易伤3伤害2等级	147伤害2挖青3467易伤47序列升级57等级8赏金邻近9核a雷电
14	26336 31522	1	   	290.45	橙4易伤3时间2伤害1暴击	178a易伤2暴击3赏金邻近458时间68伤害8序列升级9核
15	12333 43226	1	 * 	286.56	橙2易伤3伤害3时间1等级1暴击	157伤害27a时间3暴击45易伤57序列升级67挖尘8核9等级
16	21231 44335	1	   	285.05	橙3易伤3伤害3时间1暴击	169易伤279伤害3赏金邻近459时间8核9序列升级a暴击
17	23623 14335	1	   	285.05	橙3易伤3伤害3时间1暴击	129易伤349时间579伤害6赏金邻近8核9序列升级a暴击
18	13333 12432	8	   	284.48	橙2易伤3伤害2等级2时间	14a伤害2挖青34易伤4a序列升级5a等级6雷电7攻速8核9a时间
19	13333 54223	6	   	282.77	橙4易伤3伤害2等级	147伤害2挖青3467易伤47序列升级57等级8低血量敌人9核a随机矿
20	13333 54224	6	   	282.77	橙4易伤3伤害2等级	147伤害2挖青3467易伤47序列升级57等级8低血量敌人9核a敌人爆炸
21	13333 54213	6	   	282.77	橙4易伤3伤害2等级	147伤害2挖青3467易伤47序列升级57等级8低血量敌人9基地爆炸a核
22	13333 54233	6	   	282.77	橙4易伤3伤害2等级	147伤害2挖青3467易伤47序列升级57等级8低血量敌人9最后敌人a核
23	13333 54221	6	   	282.67	橙4易伤3伤害2等级	147伤害2挖青3467易伤47序列升级57等级8低血量敌人9核a掉矿
24	13333 54226	6	   	282.67	橙4易伤3伤害2等级	147伤害2挖青3467易伤47序列升级57等级8低血量敌人9核a挖尘
25	13333 54253	6	   	282.67	橙4易伤3伤害2等级	147伤害2挖青3467易伤47序列升级57等级8低血量敌人9挖尘a核
26	13333 54421	6	   	282.67	橙4易伤3伤害2等级	147伤害2挖青3467易伤47序列升级57等级8赏金邻近9核a立即金币
27	13333 54423	6	   	282.57	橙4易伤3伤害2等级	147伤害2挖青3467易伤47序列升级57等级8赏金邻近9核a掉矿
28	13333 54335	6	   	282.43	橙4易伤3伤害2等级1卖塔	147伤害2挖青3467易伤47序列升级57等级8掉矿9卖塔a核
29	23132 36442	2	   	280.64	橙4易伤2等级1伤害1时间2雷电	1579易伤2时间39等级49雷电6额外掉落8核9序列升级a伤害
30	12412 53226	6	   	279.75	橙2易伤3伤害2时间1等级2暴击	127伤害37暴击4a时间5敌人爆炸67易伤7序列升级8核9等级
31	12412 63226	4	   	279.75	橙2易伤3伤害2时间1等级2暴击	127伤害37暴击4a时间5基地爆炸67易伤7序列升级8核9等级
32	12412 63226	5	   	279.75	橙2易伤3伤害2时间1等级2暴击	127伤害37暴击4a时间5敌人爆炸67易伤7序列升级8核9等级
33	12433 63226	3	   	279.75	橙2易伤3伤害2时间1等级2暴击	127伤害37暴击4最后敌人5a时间67易伤7序列升级8核9等级
34	12413 53226	6	   	279.65	橙2易伤3伤害2时间1等级2暴击	127伤害37暴击4a时间5挖尘67易伤7序列升级8核9等级
35	13333 15132	9	   	278.00	橙3易伤3伤害1等级1时间	147伤害2挖青348易伤4序列升级5等级6雷电9核a时间
36	13333 46114	6	   	277.97	橙3易伤3伤害2等级1时间	148伤害2挖青348易伤48序列升级58等级6额外掉落7核9金币生成a时间
37	13333 46121	6	   	277.97	橙3易伤3伤害2等级1时间	148伤害2挖青348易伤48序列升级58等级6额外掉落7核9时间a敌人爆炸
38	13333 46123	6	   	277.97	橙3易伤3伤害2等级1时间	148伤害2挖青348易伤48序列升级58等级6额外掉落7核9时间a低血量敌人
39	13333 46126	6	   	277.97	橙3易伤3伤害2等级1时间	148伤害2挖青348易伤48序列升级58等级6a额外掉落7核9时间
40	13333 46124	6	   	277.87	橙3易伤3伤害2等级1时间	148伤害2挖青348易伤48序列升级58等级6额外掉落7核9时间a挖尘
41	23152 14332	1	   	277.87	橙3易伤3伤害2等级1时间	129易伤3金币生成479伤害59等级6赏金邻近8核9序列升级a时间
42	13333 14425	5	   	277.87	橙3易伤3伤害2等级1时间	147伤害2挖青347易伤47序列升级57等级6双倍矿8赏金邻近9核a时间
43	23423 12612	1	   	277.80	橙3易伤3时间2伤害1暴击	12a易伤3暴击47a时间5雷电6基地爆炸8核9a伤害a序列升级
44	23423 52612	1	   	277.80	橙3易伤3时间2伤害1暴击	12a易伤3暴击47a时间5雷电6敌人爆炸8核9a伤害a序列升级
45	26423 12612	1	   	277.80	橙3易伤3时间2伤害1暴击	13a易伤2暴击47a时间5雷电6基地爆炸8核9a伤害a序列升级
46	12332 11525	1	   	277.26	橙4易伤2伤害2暴击1时间	18伤害2时间38暴击4578易伤6赏金邻近8序列升级9攻速a核
47	12332 62525	1	   	277.26	橙4易伤2伤害2暴击1时间	18伤害2时间38暴击4568易伤7赏金塔8序列升级9攻速a核
48	13343 34422	9	   	277.26	橙4易伤2伤害2暴击1时间	1a伤害2挖青367a易伤4雷电5时间8核9a暴击a序列升级
49	23112 53515	9	   	277.05	橙3易伤2时间1等级1伤害2攻速	178易伤28时间3额外掉落4全技能58攻速6核8序列升级9等级a伤害
50	22626 22311	1	   	277.03	橙3易伤2伤害2时间1等级	137易伤2等级47时间57伤害6双倍物品7序列升级8平台9雷电a核
51	23233 42542	8	   	276.90	橙3易伤2伤害2等级2时间	189易伤23时间48伤害58等级6额外掉落7平台8序列升级a核
52	23233 46115	6	   	276.80	橙3易伤2伤害2等级2时间	18a易伤23时间48伤害58等级6额外掉落7核8序列升级9赏金邻近
53	13332 14422	9	   	276.66	橙4易伤3伤害2暴击	14a伤害2挖青347a易伤4a序列升级5挖尘6雷电8核9a暴击
54	22652 31322	1	   	276.58	橙4易伤2伤害2等级	136a易伤2a等级4a伤害5赏金塔7赏金邻近8核9全技能a序列升级
55	13333 13121	10	   	276.58	橙3易伤3伤害2等级2雷电	148伤害2挖青34a易伤48序列升级58等级68雷电7平台9核
56	12213 43452	1	   	276.55	橙4易伤3时间2伤害1卖塔	17伤害258时间357a易伤4卖塔57序列升级67挖尘9核
57	12213 43652	1	   	276.55	橙4易伤3时间2伤害1卖塔	17伤害259时间357a易伤4卖塔57序列升级67挖尘8核
58	13331 32442	8	   	276.49	橙5易伤3伤害	149伤害2挖青3489a易伤49序列升级59敌人爆炸6全技能7核
59	13332 32442	8	   	276.29	橙5易伤3伤害	149伤害2挖青3489a易伤49序列升级59挖尘6全技能7核
60	13333 16432	8	   	276.17	橙2易伤3伤害2等级2时间	14a伤害2挖青34易伤4a序列升级5a等级6雷电7策反8核9a时间
61	23233 44225	5	   	276.17	橙2易伤3伤害2等级2时间	17易伤23时间467伤害57等级7序列升级8低血量敌人9核a雷电
62	23236 24225	4	   	276.17	橙2易伤3伤害2等级2时间	17易伤23时间457伤害67等级7序列升级8低血量敌人9核a雷电
63	23233 44422	5	   	276.07	橙2易伤3伤害2等级2时间	17易伤23时间467伤害57等级7序列升级8赏金邻近9核a雷电
64	23236 24422	4	   	276.07	橙2易伤3伤害2等级2时间	17易伤23时间457伤害67等级7序列升级8赏金邻近9核a雷电
65	12333 61215	1	   	275.77	橙3易伤2伤害2等级1时间1暴击	15伤害2时间3暴击456易伤5序列升级78等级9掉矿a核
66	26336 31523	1	   	275.71	橙3易伤3时间2伤害2暴击	178易伤2a暴击3赏金邻近458时间68伤害8序列升级9核
67	13333 22636	5	   	275.27	橙3易伤3伤害2等级1暴击	147伤害2挖青347易伤47序列升级57等级6双倍物品8平台9暴击a核
68	22622 51532	1	 * 	275.26	橙4易伤2等级2时间2雷电	137a易伤27等级4a时间5挖尘67雷电7a序列升级8a最后敌人9核
69	13333 56511	10	   	275.09	橙4易伤2伤害1等级1时间	14伤害2挖青3468易伤4序列升级5等级7时间9低血量敌人a核
70	13333 56531	10	   	275.09	橙4易伤2伤害1等级1时间	14伤害2挖青3468易伤4序列升级5等级7时间9基地爆炸a核
71	13313 63662	2	 * 	274.54	橙2易伤3伤害2时间3暴击2雷电	17a伤害2挖青34a暴击57时间67易伤7a序列升级8核9a雷电
72	12333 54225	1	   	273.83	橙2易伤2伤害2时间1等级2攻速1暴击	15伤害27时间3暴击45易伤5序列升级69攻速8等级a核
73	12412 53223	6	   	273.47	橙2易伤3伤害1等级2暴击1时间	127伤害37暴击4时间5敌人爆炸67易伤7序列升级8核9等级a雷电
74	12412 63223	5	   	273.47	橙2易伤3伤害1等级2暴击1时间	127伤害37暴击4时间5敌人爆炸67易伤7序列升级8核9等级a雷电
75	12443 63223	3	   	273.47	橙2易伤3伤害1等级2暴击1时间	127伤害37暴击4敌人爆炸5时间67易伤7序列升级8核9等级a雷电
76	12333 43221	1	   	273.34	橙2易伤3伤害2时间1等级1暴击	157伤害27时间3暴击45易伤57序列升级67挖尘8核9等级a敌人爆炸
77	12333 43222	1	   	273.34	橙2易伤3伤害2时间1等级1暴击	157伤害27时间3暴击45易伤57序列升级67挖尘8核9等级a基地爆炸
78	12333 43223	1	   	273.34	橙2易伤3伤害2时间1等级1暴击	157伤害27时间3暴击45易伤57序列升级67挖尘8核9等级a低血量敌人
79	12333 43224	1	   	273.34	橙2易伤3伤害2时间1等级1暴击	157伤害27时间3暴击45易伤57序列升级67挖尘8核9等级a最后敌人
80	12333 43225	1	   	273.34	橙2易伤3伤害2时间1等级1暴击	157伤害27时间3暴击45易伤57序列升级67挖尘8核9等级a金币生成
81	12414 63221	4	   	273.34	橙2易伤3伤害2时间1等级1暴击	127伤害3暴击47时间5挖青67易伤7序列升级8核9等级a敌人爆炸
82	12414 63222	4	   	273.34	橙2易伤3伤害2时间1等级1暴击	127伤害3暴击47时间5挖青67易伤7序列升级8核9等级a基地爆炸
83	12414 63223	4	   	273.34	橙2易伤3伤害2时间1等级1暴击	127伤害3暴击47时间5挖青67易伤7序列升级8核9等级a低血量敌人
84	13613 63226	4	   	272.67	橙2易伤3伤害3时间1等级1卖塔	147伤害2挖青3卖塔47序列升级57a时间67易伤8核9等级
85	12433 51343	10	   	272.39	橙4易伤2伤害1等级1暴击	12伤害3暴击467a易伤5挖尘8核9等级
86	12212 11525	1	   	271.63	橙4易伤2伤害2时间1卖塔	18伤害28时间3578易伤4卖塔6赏金邻近8序列升级9攻速a核
87	12212 62525	1	   	271.63	橙4易伤2伤害2时间1卖塔	18伤害28时间3568易伤4卖塔7赏金塔8序列升级9攻速a核
88	12213 43643	1	   	271.63	橙4易伤2伤害2时间1卖塔	17伤害25时间3579易伤4卖塔57序列升级67挖尘8核a雷电
89	21231 44333	1	   	271.40	橙3易伤3伤害3时间	169易伤279伤害3赏金邻近459时间8核9序列升级a基地爆炸
90	21231 44334	1	   	271.40	橙3易伤3伤害3时间	169易伤279伤害3赏金邻近459时间8核9序列升级a敌人爆炸
91	23234 44333	4	   	271.40	橙3易伤3伤害3时间	169易伤239时间479伤害5赏金邻近8核9序列升级a基地爆炸
92	23623 14331	3	   	271.40	橙3易伤3伤害3时间	19a易伤249时间3立即金币579伤害6赏金邻近8核9序列升级
93	23623 14333	1	   	271.40	橙3易伤3伤害3时间	129易伤349时间579伤害6赏金邻近8核9序列升级a基地爆炸
94	23623 14334	1	   	271.40	橙3易伤3伤害3时间	129易伤349时间579伤害6赏金邻近8核9序列升级a敌人爆炸
95	26623 14331	2	   	271.40	橙3易伤3伤害3时间	19a易伤2立即金币349时间579伤害6赏金邻近8核9序列升级
96	21231 44332	1	   	271.30	橙3易伤3伤害3时间	169易伤279伤害3赏金邻近459时间8核9序列升级a赏金塔
97	23234 44332	4	   	271.30	橙3易伤3伤害3时间	169易伤239时间479伤害5赏金邻近8核9序列升级a赏金塔
98	23623 14332	1	   	271.30	橙3易伤3伤害3时间	129易伤349时间579伤害6赏金邻近8核9序列升级a赏金塔
