0	Index      	Bounty	 *	Score 	Summary	Detail	
1	26152 14132	3	 * 	298.57	橙3易伤3伤害2等级1时间	1双倍矿2时间356易伤456伤害56序列升级7核8全技能9a等级
2	21311 11132	3	   	298.57	橙3易伤3伤害2等级1时间	1双倍矿256伤害3全技能456易伤56序列升级7核8时间9a等级
3	26622 14132	3	   	298.57	橙3易伤3伤害2等级1时间	1双倍矿2时间356伤害456易伤56序列升级7核8全技能9a等级
4	21311 54133	3	   	297.28	橙3易伤3伤害2等级2雷电	1双倍矿25a伤害3全技能459易伤5a序列升级6a等级7a雷电8核
5	21311 11143	3	 * 	288.05	橙4易伤3伤害1时间1暴击	1双倍矿256伤害3全技能4569易伤56序列升级7核8时间a暴击
6	21311 11553	3	   	288.05	橙4易伤3伤害1时间1暴击	1双倍矿256伤害3全技能4568易伤56序列升级7核9时间a暴击
7	21311 11134	3	   	287.86	橙3易伤3伤害1等级1时间	1双倍矿256伤害3全技能456易伤56序列升级7核8时间9等级a攻速
8	21311 11566	3	 * 	284.36	橙4易伤3伤害1等级	1双倍矿256伤害3全技能4568易伤56序列升级7核9低血量敌人a等级
9	21311 11646	3	   	284.36	橙4易伤3伤害1等级	1双倍矿256伤害3全技能4569易伤56序列升级7核8最后敌人a等级
10	23152 15431	3	   	283.00	橙4易伤3伤害1等级	1双倍矿2基地爆炸3567易伤456伤害56序列升级8等级9核a攻速
11	23622 15431	3	   	283.00	橙4易伤3伤害1等级	1双倍矿2基地爆炸356伤害4567易伤56序列升级8等级9核a攻速
12	31252 15431	2	   	283.00	橙4易伤3伤害1等级	13基地爆炸2567易伤456伤害56序列升级8等级9核a攻速
13	33152 15431	3	   	283.00	橙4易伤3伤害1等级	1基地爆炸2立即金币3567易伤456伤害56序列升级8等级9核a攻速
14	33622 15431	3	   	283.00	橙4易伤3伤害1等级	1基地爆炸2立即金币356伤害4567易伤56序列升级8等级9核a攻速
15	21311 11146	3	   	282.71	橙4易伤3伤害1时间	1双倍矿256伤害3全技能4569易伤56序列升级7核8时间a攻速
16	21311 11556	3	   	282.71	橙4易伤3伤害1时间	1双倍矿256伤害3全技能4568易伤56序列升级7核9时间a攻速
17	21311 11115	3	   	282.71	橙4易伤3伤害1时间	1双倍矿256伤害3全技能456a易伤56序列升级7核8时间9雷电
18	21311 11432	3	   	282.32	橙3易伤3伤害2等级	1双倍矿256伤害3全技能456易伤56序列升级7核8敌人爆炸9a等级
19	21311 11632	3	   	282.32	橙3易伤3伤害2等级	1双倍矿256伤害3全技能456易伤56序列升级7核8最后敌人9a等级
20	23152 14132	3	   	282.32	橙3易伤3伤害2等级	1双倍矿2基地爆炸356易伤456伤害56序列升级7核8全技能9a等级
21	23622 14132	3	   	282.32	橙3易伤3伤害2等级	1双倍矿2基地爆炸356伤害456易伤56序列升级7核8全技能9a等级
22	31252 14132	2	   	282.32	橙3易伤3伤害2等级	13基地爆炸256易伤456伤害56序列升级7核8全技能9a等级
23	33152 14132	3	   	282.32	橙3易伤3伤害2等级	1基地爆炸2立即金币356易伤456伤害56序列升级7核8全技能9a等级
24	33622 14132	3	   	282.32	橙3易伤3伤害2等级	1基地爆炸2立即金币356伤害456易伤56序列升级7核8全技能9a等级
25	36252 14132	1	   	282.32	橙3易伤3伤害2等级	13基地爆炸256易伤456伤害56序列升级7核8全技能9a等级
26	53152 14132	3	   	282.32	橙3易伤3伤害2等级	1敌人爆炸2立即金币356易伤456伤害56序列升级7核8全技能9a等级
27	53622 14132	3	   	282.32	橙3易伤3伤害2等级	1敌人爆炸2立即金币356伤害456易伤56序列升级7核8全技能9a等级
28	26152 14131	3	   	279.56	橙3易伤3伤害1等级1时间	1双倍矿2时间356易伤456伤害56序列升级7核8全技能9等级a金币生成
29	26152 14133	3	   	279.56	橙3易伤3伤害1等级1时间	1双倍矿2时间356易伤456伤害56序列升级7核8全技能9等级a矿等
30	21311 11131	3	   	279.56	橙3易伤3伤害1等级1时间	1双倍矿256伤害3全技能456易伤56序列升级7核8时间9等级a金币生成
31	21311 11133	3	   	279.56	橙3易伤3伤害1等级1时间	1双倍矿256伤害3全技能456易伤56序列升级7核8时间9等级a矿等
32	21311 11162	3	   	279.56	橙3易伤3伤害1等级1时间	1双倍矿256伤害3全技能456易伤56序列升级7核8时间9随机矿a等级
33	26622 14131	3	   	279.56	橙3易伤3伤害1等级1时间	1双倍矿2时间356伤害456易伤56序列升级7核8全技能9等级a金币生成
34	26622 14133	3	   	279.56	橙3易伤3伤害1等级1时间	1双倍矿2时间356伤害456易伤56序列升级7核8全技能9等级a矿等
35	21311 11135	3	   	279.46	橙3易伤3伤害1等级1时间	1双倍矿256伤害3全技能456易伤56序列升级7核8时间9等级a赏金邻近
36	21311 11136	3	   	279.46	橙3易伤3伤害1等级1时间	1双倍矿256伤害3全技能456易伤56序列升级7核8时间9等级a赏金塔
37	21311 11361	3	   	279.46	橙3易伤3伤害1等级1时间	1双倍矿256伤害3全技能456易伤56序列升级7核8赏金塔9时间a等级
38	21311 54135	3	   	276.91	橙4易伤2伤害1等级	1双倍矿25伤害3全技能459a易伤5序列升级6等级7雷电8核
39	23152 14363	3	   	275.60	橙3易伤3伤害1等级1暴击	1双倍矿2基地爆炸356易伤456伤害56序列升级7核8雷电9等级a暴击
40	23622 14363	3	   	275.60	橙3易伤3伤害1等级1暴击	1双倍矿2基地爆炸356伤害456易伤56序列升级7核8雷电9等级a暴击
41	31252 14363	2	   	275.60	橙3易伤3伤害1等级1暴击	13基地爆炸256易伤456伤害56序列升级7核8雷电9等级a暴击
42	33152 14363	3	   	275.60	橙3易伤3伤害1等级1暴击	1基地爆炸2立即金币356易伤456伤害56序列升级7核8雷电9等级a暴击
43	33622 14363	3	   	275.60	橙3易伤3伤害1等级1暴击	1基地爆炸2立即金币356伤害456易伤56序列升级7核8雷电9等级a暴击
44	21352 23133	4	   	274.97	橙3易伤2等级2伤害	17双倍矿2a伤害3全技能4雷电59a易伤6a等级8核a序列升级
45	21352 24133	4	   	274.97	橙3易伤2等级2伤害	1双倍矿2a伤害3全技能4雷电59a易伤6a等级7立即金币8核a序列升级
46	23152 15433	3	   	274.69	橙4易伤3伤害1等级	1双倍矿2基地爆炸3567易伤456伤害56序列升级8等级9核a敌人爆炸
47	23622 15433	3	   	274.69	橙4易伤3伤害1等级	1双倍矿2基地爆炸356伤害4567易伤56序列升级8等级9核a敌人爆炸
48	31252 15433	2	   	274.69	橙4易伤3伤害1等级	13基地爆炸2567易伤456伤害56序列升级8等级9核a敌人爆炸
49	33152 15433	3	   	274.69	橙4易伤3伤害1等级	1基地爆炸2立即金币3567易伤456伤害56序列升级8等级9核a敌人爆炸
50	33622 15433	3	   	274.69	橙4易伤3伤害1等级	1基地爆炸2立即金币356伤害4567易伤56序列升级8等级9核a敌人爆炸
51	23152 15432	3	   	274.59	橙4易伤3伤害1等级	1双倍矿2基地爆炸3567易伤456伤害56序列升级8等级9核a挖青
52	23622 15432	3	   	274.59	橙4易伤3伤害1等级	1双倍矿2基地爆炸356伤害4567易伤56序列升级8等级9核a挖青
53	31252 15432	2	   	274.59	橙4易伤3伤害1等级	13基地爆炸2567易伤456伤害56序列升级8等级9核a挖青
54	33152 15432	3	   	274.59	橙4易伤3伤害1等级	1基地爆炸2立即金币3567易伤456伤害56序列升级8等级9核a挖青
55	33622 15432	3	   	274.59	橙4易伤3伤害1等级	1基地爆炸2立即金币356伤害4567易伤56序列升级8等级9核a挖青
56	21311 11125	3	   	274.40	橙4易伤3伤害1时间	1双倍矿256伤害3全技能456a易伤56序列升级7核8时间9低血量敌人
57	21311 11141	3	   	274.40	橙4易伤3伤害1时间	1双倍矿256伤害3全技能4569易伤56序列升级7核8时间a金币生成
58	21311 11145	3	   	274.40	橙4易伤3伤害1时间	1双倍矿256伤害3全技能4569易伤56序列升级7核8时间a低血量敌人
59	21311 11551	3	   	274.40	橙4易伤3伤害1时间	1双倍矿256伤害3全技能4568易伤56序列升级7核9时间a金币生成
60	21311 11555	3	   	274.40	橙4易伤3伤害1时间	1双倍矿256伤害3全技能4568易伤56序列升级7核9时间a低血量敌人
61	26152 14211	3	   	274.30	橙4易伤3伤害1时间	1双倍矿2时间3568易伤456伤害56序列升级7核9赏金邻近a全技能
62	26152 14221	3	   	274.30	橙4易伤3伤害1时间	1双倍矿2时间3568易伤456伤害56序列升级7核9赏金塔a全技能
63	21311 11142	3	   	274.30	橙4易伤3伤害1时间	1双倍矿256伤害3全技能4569易伤56序列升级7核8时间a掉矿
64	21311 11552	3	   	274.30	橙4易伤3伤害1时间	1双倍矿256伤害3全技能4568易伤56序列升级7核9时间a掉矿
65	21311 15146	3	   	274.30	橙4易伤3伤害1时间	1双倍矿256伤害3全技能456a易伤56序列升级7加一8时间9核
66	26622 14211	3	   	274.30	橙4易伤3伤害1时间	1双倍矿2时间356伤害4568易伤56序列升级7核9赏金邻近a全技能
67	26622 14221	3	   	274.30	橙4易伤3伤害1时间	1双倍矿2时间356伤害4568易伤56序列升级7核9赏金塔a全技能
68	21311 11542	3	   	274.23	橙4易伤3伤害2全技能	1双倍矿256伤害39全技能4568易伤56序列升级7核a攻速
69	21311 11544	3	   	274.23	橙4易伤3伤害2全技能	1双倍矿256伤害39全技能4568易伤56序列升级7核a雷电
70	25615 21113	2	   	273.25	橙3易伤2等级2伤害1时间	1双倍矿29等级3额外掉落4时间5随机矿69a易伤7核89伤害9序列升级
71	36621 21114	7	   	273.25	橙3易伤2等级2伤害1时间	19基地爆炸2额外掉落35等级459易伤59序列升级6掉矿7时间89伤害a核
72	21132 41425	7	   	273.25	橙3易伤2等级2伤害1时间	1双倍矿27伤害3平台479易伤5随机矿67等级7序列升级8时间a核
73	21134 41522	8	   	273.15	橙3易伤2等级2伤害2攻速	1双倍矿27伤害3平台49a易伤57攻速67等级7序列升级8核
74	26113 21321	7	 * 	273.07	橙3易伤2等级3时间	1双倍矿279时间357易伤4平台67等级7序列升级8全技能a核
75	16621 21114	7	   	273.05	橙3易伤2等级2伤害1时间	19挖尘2额外掉落35等级459易伤59序列升级6掉矿7时间89伤害a核
76	26152 14323	3	   	273.05	橙4易伤3伤害1时间	1双倍矿2时间356a易伤456伤害56序列升级7核8雷电9低血量敌人
77	26152 14333	3	   	273.05	橙4易伤3伤害1时间	19双倍矿2时间356a易伤456伤害56序列升级7核8雷电
78	26622 14323	3	   	273.05	橙4易伤3伤害1时间	1双倍矿2时间356伤害456a易伤56序列升级7核8雷电9低血量敌人
79	26622 14333	3	   	273.05	橙4易伤3伤害1时间	19双倍矿2时间356伤害456a易伤56序列升级7核8雷电
80	26152 15231	3	   	273.05	橙4易伤3伤害1时间	1双倍矿2时间3567易伤456伤害56序列升级8矿等9核a攻速
81	26622 15231	3	   	273.05	橙4易伤3伤害1时间	1双倍矿2时间356伤害4567易伤56序列升级8矿等9核a攻速
82	21622 14133	3	   	272.95	橙4易伤3伤害1时间	1双倍矿256伤害3挖青456a易伤56序列升级7核8时间9雷电
83	21311 54131	3	   	272.11	橙3易伤2伤害1等级1时间	1双倍矿25伤害3全技能459易伤5序列升级6等级7雷电8核a时间
84	21311 11443	3	   	271.80	橙4易伤3伤害1暴击	1双倍矿256伤害3全技能4569易伤56序列升级7核8敌人爆炸a暴击
85	21311 11533	3	   	271.80	橙4易伤3伤害1暴击	1双倍矿256伤害3全技能4568易伤56序列升级7核9敌人爆炸a暴击
86	21311 11563	3	   	271.80	橙4易伤3伤害1暴击	1双倍矿256伤害3全技能4568易伤56序列升级7核9低血量敌人a暴击
87	21311 11643	3	   	271.80	橙4易伤3伤害1暴击	1双倍矿256伤害3全技能4569易伤56序列升级7核8最后敌人a暴击
88	21311 11661	3	   	271.80	橙4易伤3伤害1暴击	1双倍矿256伤害3全技能456a易伤56序列升级7核8最后敌人9暴击
89	23622 14143	3	   	271.80	橙4易伤3伤害1暴击	1双倍矿2基地爆炸356伤害4569易伤56序列升级7核8全技能a暴击
90	33622 14143	3	   	271.80	橙4易伤3伤害1暴击	1基地爆炸2立即金币356伤害4569易伤56序列升级7核8全技能a暴击
91	23152 14143	3	   	271.80	橙4易伤3伤害1暴击	1双倍矿2基地爆炸3569易伤456伤害56序列升级7核8全技能a暴击
92	31252 14143	2	   	271.80	橙4易伤3伤害1暴击	13基地爆炸2569易伤456伤害56序列升级7核8全技能a暴击
93	33152 14143	3	   	271.80	橙4易伤3伤害1暴击	1基地爆炸2立即金币3569易伤456伤害56序列升级7核8全技能a暴击
94	26113 21542	9	   	271.72	橙3易伤2等级3时间	1双倍矿278时间357易伤4平台67等级7序列升级9攻速a核
95	25611 31533	4	   	271.62	橙3易伤2等级3时间	1双倍矿28等级389时间4雷电5掉矿6核78a易伤8序列升级
96	21311 11434	3	   	271.61	橙3易伤3伤害1等级	1双倍矿256伤害3全技能456易伤56序列升级7核8敌人爆炸9等级a攻速
97	21311 11634	3	   	271.61	橙3易伤3伤害1等级	1双倍矿256伤害3全技能456易伤56序列升级7核8最后敌人9等级a攻速
98	23152 14134	3	   	271.61	橙3易伤3伤害1等级	1双倍矿2基地爆炸356易伤456伤害56序列升级7核8全技能9等级a攻速
99	23622 14134	3	   	271.61	橙3易伤3伤害1等级	1双倍矿2基地爆炸356伤害456易伤56序列升级7核8全技能9等级a攻速
100	31252 14134	2	   	271.61	橙3易伤3伤害1等级	13基地爆炸256易伤456伤害56序列升级7核8全技能9等级a攻速
101	33152 14134	3	   	271.61	橙3易伤3伤害1等级	1基地爆炸2立即金币356易伤456伤害56序列升级7核8全技能9等级a攻速
102	33622 14134	3	   	271.61	橙3易伤3伤害1等级	1基地爆炸2立即金币356伤害456易伤56序列升级7核8全技能9等级a攻速
103	21336 12232	9	   	271.28	橙2易伤3伤害2等级1暴击	1双倍矿279伤害3全技能4立即金币5暴击69等级89易伤9序列升级a核
104	26531 22113	8	 * 	271.24	橙4易伤2等级2时间	1双倍矿29时间3低血量敌人49等级579a易伤6额外掉落8核9序列升级
105	26113 21133	8	   	271.14	橙4易伤2等级2时间	1双倍矿27时间357a易伤4平台67等级7序列升级8加一9核
106	26113 21336	8	 * 	270.25	橙3易伤2等级2时间1伤害	1双倍矿27时间357易伤4平台67等级7序列升级8额外掉落9伤害a核
107	26113 21136	8	   	270.15	橙3易伤2等级2时间1伤害	1双倍矿27时间357易伤4平台67等级7序列升级8加一9核a伤害
108	22162 31531	5	 * 	270.15	橙3易伤3等级2时间3雷电	1双倍矿2随机矿38a雷电49时间58a等级6核78a易伤8a序列升级
109	26152 16312	3	   	269.89	橙3易伤3伤害1等级1时间	1双倍矿2时间356易伤456伤害56序列升级7等级8核9矿等a低血量敌人
110	26152 16313	3	   	269.89	橙3易伤3伤害1等级1时间	1双倍矿2时间356易伤456伤害56序列升级7等级8核9矿等a敌人爆炸
111	26152 16331	3	   	269.89	橙3易伤3伤害1等级1时间	1双倍矿2时间356易伤456伤害56序列升级7等级8核9最后敌人a基地爆炸
112	26152 16332	3	   	269.89	橙3易伤3伤害1等级1时间	1双倍矿2时间356易伤456伤害56序列升级7等级8核9最后敌人a矿等
113	26152 16333	3	   	269.89	橙3易伤3伤害1等级1时间	1双倍矿2时间356易伤456伤害56序列升级7等级8核9a最后敌人
114	26622 16312	3	   	269.89	橙3易伤3伤害1等级1时间	1双倍矿2时间356伤害456易伤56序列升级7等级8核9矿等a低血量敌人
115	26622 16313	3	   	269.89	橙3易伤3伤害1等级1时间	1双倍矿2时间356伤害456易伤56序列升级7等级8核9矿等a敌人爆炸
116	26622 16331	3	   	269.89	橙3易伤3伤害1等级1时间	1双倍矿2时间356伤害456易伤56序列升级7等级8核9最后敌人a基地爆炸
117	26622 16332	3	   	269.89	橙3易伤3伤害1等级1时间	1双倍矿2时间356伤害456易伤56序列升级7等级8核9最后敌人a矿等
118	26622 16333	3	   	269.89	橙3易伤3伤害1等级1时间	1双倍矿2时间356伤害456易伤56序列升级7等级8核9a最后敌人
119	26152 16311	3	   	269.79	橙3易伤3伤害1等级1时间	1双倍矿2时间356易伤456伤害56序列升级7等级8核9矿等a掉矿
120	26152 16322	3	   	269.79	橙3易伤3伤害1等级1时间	1双倍矿2时间356易伤456伤害56序列升级7等级8核9赏金邻近a平台
121	26622 16311	3	   	269.79	橙3易伤3伤害1等级1时间	1双倍矿2时间356伤害456易伤56序列升级7等级8核9矿等a掉矿
122	26622 16322	3	   	269.79	橙3易伤3伤害1等级1时间	1双倍矿2时间356伤害456易伤56序列升级7等级8核9赏金邻近a平台
123	26152 16321	3	   	269.69	橙3易伤3伤害1等级1时间	1双倍矿2时间356易伤456伤害56序列升级7等级8核9赏金邻近a挖青
124	26152 16323	3	   	269.69	橙3易伤3伤害1等级1时间	1双倍矿2时间356易伤456伤害56序列升级7等级8核9赏金邻近a掉矿
125	26622 16321	3	   	269.69	橙3易伤3伤害1等级1时间	1双倍矿2时间356伤害456易伤56序列升级7等级8核9赏金邻近a挖青
126	26622 16323	3	   	269.69	橙3易伤3伤害1等级1时间	1双倍矿2时间356伤害456易伤56序列升级7等级8核9赏金邻近a掉矿
127	26142 14132	4	 * 	268.84	橙3易伤2等级3攻速1时间	1双倍矿2时间356易伤456攻速56序列升级7核8全技能9a等级
