0	Index      	Bounty	 *	Score 	Summary	Detail	
1	51333 13151	9	 * 	300.96	橙5易伤3时间1伤害1暴击	145时间23457易伤45序列升级6全技能8核9伤害a暴击
2	51333 13156	10	   	300.96	橙5易伤3时间1伤害1暴击	145时间23457易伤45序列升级6全技能8核9伤害a暴击
3	51333 13151	10	   	295.62	橙5易伤3时间1伤害	145时间23457易伤45序列升级6全技能8核9伤害a雷电
4	51333 13155	9	   	295.08	橙5易伤3时间1伤害2全技能	145时间23457易伤45序列升级6a全技能8核9伤害
5	51333 13116	9	 * 	293.45	橙5易伤3时间1等级	145时间23457易伤45序列升级6全技能8核9平台a等级
6	51333 13156	8	   	293.45	橙5易伤3时间1等级	145时间23457易伤45序列升级6全技能8核9平台a等级
7	51252 13152	9	 * 	292.75	橙4易伤3伤害3时间	178时间278a易伤3最后敌人4低血量敌人5平台678伤害78序列升级9核
8	51333 46113	6	   	292.10	橙5易伤3时间1等级	145时间23456易伤456序列升级7等级8攻速9低血量敌人a核
9	51333 33325	10	   	292.10	橙5易伤3时间1等级	145时间23459易伤45序列升级6雷电7平台8核a等级
10	51333 21453	6	 * 	291.97	橙5易伤3时间2等级	145时间23458易伤458序列升级68金币生成78等级9加一a核
11	51333 41121	10	   	291.85	橙5易伤3时间1等级1卖塔	145时间23456易伤456序列升级7雷电8卖塔9等级a核
12	51333 55221	9	   	291.30	橙5易伤3时间1伤害1暴击	145时间2345a易伤45序列升级6伤害7低血量敌人8暴击9核
13	51333 56221	9	   	291.30	橙5易伤3时间1伤害1暴击	145时间2345a易伤45序列升级6伤害7基地爆炸8暴击9核
14	51331 31363	4	   	290.53	橙5易伤2时间1等级1伤害	14时间2349a易伤4序列升级5敌人爆炸6伤害7核8等级
15	51332 31463	4	   	290.53	橙5易伤2时间1等级1伤害	14时间2349a易伤4序列升级5基地爆炸6伤害7核8等级
16	51331 31333	4	 * 	289.77	橙4易伤2伤害2时间1等级	14时间234a易伤4序列升级5敌人爆炸69伤害7核8等级
17	51332 31433	4	   	289.77	橙4易伤2伤害2时间1等级	14时间234a易伤4序列升级5基地爆炸69伤害7核8等级
18	51333 13121	8	   	289.21	橙5易伤3时间1暴击	145时间23457易伤45序列升级6全技能8核9攻速a暴击
19	51333 13161	9	   	289.21	橙5易伤3时间1暴击	145时间23457易伤45序列升级6全技能8核9攻速a暴击
20	51333 13166	10	   	289.21	橙5易伤3时间1暴击	145时间23457易伤45序列升级6全技能8核9攻速a暴击
21	51333 12136	10	   	288.76	橙4易伤3时间1等级1暴击	145时间2345易伤45序列升级6全技能7最后敌人8暴击9等级a核
22	51334 11242	6	   	288.49	橙4易伤3时间2等级2雷电	14a时间2348易伤4a序列升级5平台6核7a雷电9a等级
23	51333 35112	10	   	287.85	橙5易伤3时间1暴击	145时间23458易伤45序列升级6雷电7攻速9暴击a核
24	51333 42362	6	   	287.85	橙5易伤3时间1暴击	145时间23456易伤456序列升级7核8攻速9雷电a暴击
25	51333 13152	10	   	287.31	橙5易伤3时间1伤害	145时间23457易伤45序列升级6全技能8核9伤害a平台
26	51333 13153	9	   	287.31	橙5易伤3时间1伤害	145时间23457易伤45序列升级6全技能8核9伤害a低血量敌人
27	51333 13153	10	   	287.31	橙5易伤3时间1伤害	145时间23457易伤45序列升级6全技能8核9伤害a低血量敌人
28	51333 13154	10	   	287.31	橙5易伤3时间1伤害	145时间23457易伤45序列升级6全技能8核9伤害a金币生成
29	51333 13154	9	   	287.31	橙5易伤3时间1伤害	145时间23457易伤45序列升级6全技能8核9伤害a最后敌人
30	51333 13156	9	   	287.31	橙5易伤3时间1伤害	145时间23457易伤45序列升级6全技能8核9伤害a策反
31	51333 13131	8	   	287.21	橙5易伤3时间1伤害	145时间23457易伤45序列升级6全技能8核9赏金邻近a伤害
32	51333 14115	6	   	287.21	橙5易伤3时间2暴击	145时间23458易伤458序列升级6全技能78暴击9赏金塔a核
33	51333 42331	6	   	285.96	橙5易伤3时间1伤害	145时间23456易伤456序列升级7核8攻速9伤害a敌人爆炸
34	51333 42332	6	   	285.96	橙5易伤3时间1伤害	145时间23456易伤456序列升级7核8攻速9伤害a平台
35	51333 42333	6	   	285.96	橙5易伤3时间1伤害	145时间23456易伤456序列升级7核8攻速9伤害a随机矿
36	51333 42334	6	   	285.96	橙5易伤3时间1伤害	145时间23456易伤456序列升级7核8攻速9伤害a矿等
37	51333 42335	6	   	285.96	橙5易伤3时间1伤害	145时间23456易伤456序列升级7核8攻速9伤害a策反
38	51334 16122	10	   	285.41	橙4易伤3时间1等级1伤害	147时间234a易伤4序列升级5平台6核8等级9伤害
39	51332 11535	6	   	285.20	橙4易伤3时间2伤害	149时间2349易伤49序列升级5掉矿6敌人爆炸7核89伤害a雷电
40	51333 52315	7	   	285.20	橙4易伤3时间2伤害	145时间2345易伤45序列升级67伤害8攻速9低血量敌人a核
41	51333 52325	7	   	285.10	橙4易伤3时间2伤害	145时间2345易伤45序列升级67伤害8攻速9挖尘a核
42	51332 21535	6	   	285.10	橙4易伤3时间2伤害	149时间2349易伤49序列升级5掉矿6挖尘7核89伤害a雷电
43	51333 13161	10	   	283.86	橙5易伤3时间	145时间23457易伤45序列升级6全技能8核9攻速a雷电
44	51333 23154	9	   	283.79	橙5易伤3时间1等级	145时间23459易伤45序列升级67金币生成8等级a核
45	51333 42111	6	   	283.79	橙5易伤3时间1等级	145时间23456易伤456序列升级7核8随机矿9平台a等级
46	51334 16131	9	   	283.69	橙5易伤3时间1等级	147时间2349a易伤4序列升级5平台6核8等级
47	51333 14226	8	   	283.50	橙5易伤3时间2攻速	145时间23459易伤459序列升级6全技能7立即金币89攻速a核
48	51333 13125	8	   	283.33	橙5易伤3时间2全技能	145时间23457易伤45序列升级6a全技能8核9攻速
49	51333 13165	9	   	283.33	橙5易伤3时间2全技能	145时间23457易伤45序列升级6a全技能8核9攻速
50	51333 11116	8	   	280.90	橙5易伤3时间1暴击	145时间23459易伤45序列升级6全技能7基地爆炸8暴击a核
51	51333 11136	9	   	280.90	橙5易伤3时间1暴击	145时间23459易伤45序列升级6全技能7基地爆炸8暴击a核
52	51333 11216	7	   	280.90	橙5易伤3时间1暴击	145时间23459易伤45序列升级6全技能7基地爆炸8暴击a核
53	51333 11216	6	   	280.90	橙5易伤3时间1暴击	145时间23459易伤45序列升级6全技能7敌人爆炸8暴击a核
54	51333 15216	6	   	280.90	橙5易伤3时间1暴击	145时间23459易伤45序列升级6全技能7基地爆炸8暴击a核
55	51333 13111	8	   	280.90	橙5易伤3时间1暴击	145时间23457易伤45序列升级6全技能8核9暴击a策反
56	51333 13112	8	   	280.90	橙5易伤3时间1暴击	145时间23457易伤45序列升级6全技能8核9暴击a敌人爆炸
57	51333 13113	8	   	280.90	橙5易伤3时间1暴击	145时间23457易伤45序列升级6全技能8核9暴击a低血量敌人
58	51333 13114	8	   	280.90	橙5易伤3时间1暴击	145时间23457易伤45序列升级6全技能8核9暴击a最后敌人
59	51333 13116	8	   	280.90	橙5易伤3时间1暴击	145时间23457易伤45序列升级6全技能8核9暴击a随机矿
60	51333 13145	9	   	280.90	橙5易伤3时间1暴击	145时间23457易伤45序列升级6全技能8核9随机矿a暴击
61	51333 13416	8	   	280.80	橙5易伤3时间1暴击	145时间23457易伤45序列升级6全技能8挖青9暴击a核
62	51331 31364	4	   	280.49	橙4易伤2时间1等级1伤害	14时间2349易伤4序列升级5敌人爆炸6伤害7核8等级a攻速
63	51331 51433	4	   	280.27	橙4易伤2等级2时间1伤害	14时间234a易伤4序列升级5敌人爆炸68等级7核9伤害
64	51332 51433	4	   	280.27	橙4易伤2等级2时间1伤害	14时间234a易伤4序列升级5基地爆炸68等级7核9伤害
65	51331 31323	4	   	280.27	橙4易伤2等级2时间1伤害	14时间234a易伤4序列升级5敌人爆炸6伤害7核89等级
66	51333 41262	9	   	279.55	橙5易伤3时间1暴击	145时间23456易伤456序列升级7雷电8随机矿9核a暴击
67	51333 42211	6	   	279.45	橙5易伤3时间1暴击	145时间23456易伤456序列升级7核8赏金塔9雷电a暴击
68	51333 42511	6	   	279.45	橙5易伤3时间1暴击	145时间23456易伤456序列升级7核8赏金邻近9雷电a暴击
69	51333 55233	9	   	279.27	橙4易伤3时间1伤害2暴击	145时间2345易伤45序列升级6伤害7低血量敌人89暴击a核
70	51333 41633	6	   	277.65	橙5易伤3时间1伤害	145时间23456易伤456序列升级7金币生成8最后敌人9伤害a核
71	51333 42131	6	   	277.65	橙5易伤3时间1伤害	145时间23456易伤456序列升级7核8随机矿9伤害a敌人爆炸
72	51333 42132	6	   	277.65	橙5易伤3时间1伤害	145时间23456易伤456序列升级7核8随机矿9伤害a平台
73	51333 42133	6	   	277.65	橙5易伤3时间1伤害	145时间23456易伤456序列升级7核8a随机矿9伤害
74	51333 42134	6	   	277.65	橙5易伤3时间1伤害	145时间23456易伤456序列升级7核8随机矿9伤害a矿等
75	51333 42135	6	   	277.65	橙5易伤3时间1伤害	145时间23456易伤456序列升级7核8随机矿9伤害a策反
76	51333 44233	6	   	277.65	橙5易伤3时间1伤害	145时间23456易伤456序列升级7基地爆炸8策反9伤害a核
77	51333 44233	7	   	277.65	橙5易伤3时间1伤害	145时间23456易伤456序列升级7最后敌人8策反9伤害a核
78	51333 45233	7	   	277.65	橙5易伤3时间1伤害	145时间23456易伤456序列升级7基地爆炸8策反9伤害a核
79	51333 41533	6	   	277.55	橙5易伤3时间1伤害	145时间23456易伤456序列升级7金币生成8挖尘9伤害a核
80	51333 42422	6	   	277.55	橙5易伤3时间1伤害	145时间23456易伤456序列升级7核8加一9最后敌人a伤害
81	51333 42622	6	   	277.55	橙5易伤3时间1伤害	145时间23456易伤456序列升级7核8挖尘9最后敌人a伤害
82	51333 43122	6	   	277.55	橙5易伤3时间1伤害	145时间23456易伤456序列升级7挖尘8核9最后敌人a伤害
83	51333 43136	6	   	277.55	橙5易伤3时间1伤害	145时间23456易伤456序列升级7挖尘8核9基地爆炸a伤害
84	51333 43142	6	   	277.55	橙5易伤3时间1伤害	145时间23456易伤456序列升级7挖尘8核9敌人爆炸a伤害
85	51333 43233	6	   	277.55	橙5易伤3时间1伤害	145时间23456易伤456序列升级7挖尘8策反9伤害a核
86	51333 46122	7	   	277.55	橙5易伤3时间1伤害	145时间23456易伤456序列升级7挖尘8核9最后敌人a伤害
87	51333 46233	7	   	277.55	橙5易伤3时间1伤害	145时间23456易伤456序列升级7挖尘8策反9伤害a核
88	51211 26132	3	   	277.22	橙4易伤2伤害2时间1暴击	1a时间248a易伤3最后敌人5暴击6赏金邻近7核9a伤害a序列升级
89	51361 26132	4	   	277.22	橙4易伤2伤害2时间1暴击	1a时间238a易伤4最后敌人5暴击6赏金邻近7核9a伤害a序列升级
90	51611 26132	2	   	277.22	橙4易伤2伤害2时间1暴击	1a时间248a易伤3最后敌人5暴击6赏金邻近7核9a伤害a序列升级
91	51262 32353	3	   	277.08	橙4易伤2伤害2时间1暴击1卖塔	17时间278a易伤3最后敌人4暴击5卖塔67伤害7序列升级9核
92	51331 31334	4	   	277.03	橙3易伤2伤害2时间1等级	14时间234易伤4序列升级5敌人爆炸69伤害7核8等级a攻速
93	51332 31434	4	   	277.03	橙3易伤2伤害2时间1等级	14时间234易伤4序列升级5基地爆炸69伤害7核8等级a攻速
94	51336 11531	6	   	277.00	橙4易伤3时间2伤害	149时间2349易伤49序列升级5金币生成6敌人爆炸7核89伤害a平台
95	51332 11531	6	   	276.90	橙4易伤3时间2伤害	149时间2349易伤49序列升级5掉矿6敌人爆炸7核89伤害a平台
96	51332 11534	6	   	276.90	橙4易伤3时间2伤害	149时间2349易伤49序列升级5掉矿6敌人爆炸7核89伤害a低血量敌人
97	51332 61531	5	   	276.90	橙4易伤3时间2伤害	149时间2349易伤49序列升级5掉矿6低血量敌人7核89伤害a平台
98	51335 21531	6	   	276.90	橙4易伤3时间2伤害	149时间2349易伤49序列升级5最后敌人6掉矿7核89伤害a平台
99	51336 21531	6	   	276.90	橙4易伤3时间2伤害	149时间2349易伤49序列升级5金币生成6挖尘7核89伤害a平台
100	51333 52215	7	   	276.90	橙4易伤3时间2伤害	145时间2345易伤45序列升级67伤害8策反9低血量敌人a核
101	51336 11532	6	   	276.90	橙4易伤3时间2伤害1核弹	149时间2349易伤49序列升级5金币生成6敌人爆炸7核89伤害a核弹
102	51336 11533	6	   	276.90	橙4易伤3时间2伤害	149时间2349易伤49序列升级5金币生成6敌人爆炸7核89伤害a赏金塔
103	51332 11532	6	   	276.80	橙4易伤3时间2伤害1核弹	149时间2349易伤49序列升级5掉矿6敌人爆炸7核89伤害a核弹
104	51332 11533	6	   	276.80	橙4易伤3时间2伤害	149时间2349易伤49序列升级5掉矿6敌人爆炸7核89伤害a赏金塔
105	51332 11536	6	   	276.80	橙4易伤3时间2伤害	149时间2349易伤49序列升级5掉矿6敌人爆炸7核89伤害a挖尘
106	51332 61532	5	   	276.80	橙4易伤3时间2伤害1核弹	149时间2349易伤49序列升级5掉矿6低血量敌人7核89伤害a核弹
107	51332 61533	5	   	276.80	橙4易伤3时间2伤害	149时间2349易伤49序列升级5掉矿6低血量敌人7核89伤害a赏金塔
108	51333 52225	7	   	276.80	橙4易伤3时间2伤害	145时间2345易伤45序列升级67伤害8策反9挖尘a核
109	51335 21532	6	   	276.80	橙4易伤3时间2伤害1核弹	149时间2349易伤49序列升级5最后敌人6掉矿7核89伤害a核弹
110	51335 21533	6	   	276.80	橙4易伤3时间2伤害	149时间2349易伤49序列升级5最后敌人6掉矿7核89伤害a赏金塔
111	51336 21532	6	   	276.80	橙4易伤3时间2伤害1核弹	149时间2349易伤49序列升级5金币生成6挖尘7核89伤害a核弹
112	51336 21533	6	   	276.80	橙4易伤3时间2伤害	149时间2349易伤49序列升级5金币生成6挖尘7核89伤害a赏金塔
113	51332 21531	6	   	276.80	橙4易伤3时间2伤害	149时间2349易伤49序列升级5掉矿6挖尘7核89伤害a平台
114	51332 21534	6	   	276.80	橙4易伤3时间2伤害	149时间2349易伤49序列升级5掉矿6挖尘7核89伤害a低血量敌人
115	51332 21532	6	   	276.70	橙4易伤3时间2伤害1核弹	149时间2349易伤49序列升级5掉矿6挖尘7核89伤害a核弹
116	51332 21533	6	   	276.70	橙4易伤3时间2伤害	149时间2349易伤49序列升级5掉矿6挖尘7核89伤害a赏金塔
117	51332 21536	6	   	276.70	橙4易伤3时间2伤害	149时间2349易伤49序列升级5掉矿6a挖尘7核89伤害
118	51113 35336	3	   	276.23	橙3易伤2伤害2时间3雷电1暴击	17时间267易伤3策反48伤害567雷电67序列升级9暴击a核
119	31336 31463	4	   	275.95	橙5易伤1等级1伤害1时间	14基地爆炸2349a易伤4序列升级5时间6伤害7核8等级
120	31512 31463	3	   	275.85	橙5易伤1等级1伤害1时间	1基地爆炸2459a易伤3时间6伤害7核8等级
121	31522 31463	4	   	275.85	橙5易伤1等级1伤害1时间	1基地爆炸2459a易伤3时间6伤害7核8等级
122	31523 23463	5	   	275.85	橙5易伤1等级1伤害1时间	1基地爆炸2479a易伤3时间5伤害6核8等级
123	51312 31363	3	   	275.85	橙5易伤1等级1伤害1时间	1时间2359a易伤4敌人爆炸6伤害7核8等级
124	51315 23363	3	   	275.85	橙5易伤1等级1伤害1时间	1时间2379a易伤4敌人爆炸5伤害6核8等级
125	51323 23463	5	   	275.75	橙5易伤1等级1伤害1时间	1时间2379a易伤4挖尘5伤害6核8等级
126	51322 31463	4	   	275.74	橙5易伤1等级1伤害1时间	1时间2359a易伤4挖尘6伤害7核8等级
127	55215 13311	2	   	275.71	橙3易伤3伤害2时间2全技能	18时间2金币生成368易伤458伤害79全技能8序列升级a核
128	51333 35336	9	   	275.68	橙4易伤3时间1伤害1卖塔	145时间2345易伤45序列升级6雷电7攻速8卖塔9伤害a核
129	53215 13311	2	   	275.61	橙3易伤3伤害2时间2全技能	18时间2掉矿368易伤458伤害79全技能8序列升级a核
130	53515 13311	3	   	275.61	橙3易伤3伤害2时间2全技能	18时间2掉矿368易伤458伤害79全技能8序列升级a核
131	51333 13113	9	   	275.56	橙5易伤3时间	145时间23457易伤45序列升级6全技能8核9平台a雷电
132	51333 13141	10	   	275.56	橙5易伤3时间	145时间23457易伤45序列升级6全技能8核9随机矿a攻速
133	51333 13153	8	   	275.56	橙5易伤3时间	145时间23457易伤45序列升级6全技能8核9平台a雷电
134	51333 13262	7	   	275.56	橙5易伤3时间	145时间23457易伤45序列升级6全技能8立即金币9雷电a核
135	51333 13312	9	   	275.56	橙5易伤3时间	145时间23457易伤45序列升级6全技能8立即金币9雷电a核
136	51333 13362	8	   	275.56	橙5易伤3时间	145时间23457易伤45序列升级6全技能8立即金币9雷电a核
137	51333 13615	9	   	275.56	橙5易伤3时间	145时间23457易伤45序列升级6全技能8攻速9金币生成a核
138	51333 13123	8	   	275.56	橙5易伤3时间	145时间23457易伤45序列升级6全技能8核9攻速a低血量敌人
139	51333 13124	8	   	275.56	橙5易伤3时间	145时间23457易伤45序列升级6全技能8核9攻速a最后敌人
140	51333 13126	8	   	275.56	橙5易伤3时间	145时间23457易伤45序列升级6全技能8核9攻速a策反
141	51333 13162	10	   	275.56	橙5易伤3时间	145时间23457易伤45序列升级6全技能8核9攻速a平台
142	51333 13163	10	   	275.56	橙5易伤3时间	145时间23457易伤45序列升级6全技能8核9攻速a低血量敌人
143	51333 13163	9	   	275.56	橙5易伤3时间	145时间23457易伤45序列升级6全技能8核9攻速a低血量敌人
144	51333 13164	10	   	275.56	橙5易伤3时间	145时间23457易伤45序列升级6全技能8核9攻速a金币生成
145	51333 13164	9	   	275.56	橙5易伤3时间	145时间23457易伤45序列升级6全技能8核9攻速a最后敌人
146	51333 13166	9	   	275.56	橙5易伤3时间	145时间23457易伤45序列升级6全技能8核9攻速a策反
147	51333 42214	6	   	275.46	橙5易伤3时间	145时间23456易伤456序列升级7核8赏金塔9雷电a全技能
148	51333 33317	6	   	275.46	橙5易伤3时间	145时间23459易伤45序列升级6雷电7加一8全技能a核
149	51333 13133	8	   	275.46	橙5易伤3时间	145时间23457易伤45序列升级6全技能8核9赏金邻近a雷电
150	22343 35522	1	 * 	275.43	橙4易伤2伤害2等级	1额外掉落2389易伤4雷电5随机矿69伤害79等级9序列升级a核
151	31336 31433	4	   	275.19	橙4易伤2伤害1等级1时间	14基地爆炸234a易伤4序列升级5时间69伤害7核8等级
152	31512 31433	3	   	275.09	橙4易伤2伤害1等级1时间	1基地爆炸245a易伤3时间69伤害7核8等级
153	31515 23433	3	   	275.09	橙4易伤2伤害1等级1时间	1基地爆炸247a易伤3时间59伤害6核8等级
154	31522 31433	4	   	275.09	橙4易伤2伤害1等级1时间	1基地爆炸245a易伤3时间69伤害7核8等级
155	31523 23433	5	   	275.09	橙4易伤2伤害1等级1时间	1基地爆炸247a易伤3时间59伤害6核8等级
156	31523 31463	5	   	275.09	橙4易伤2伤害1等级1时间	1基地爆炸249a易伤3时间56伤害7核8等级
157	31525 23433	4	   	275.09	橙4易伤2伤害1等级1时间	1基地爆炸247a易伤3时间59伤害6核8等级
158	51215 23433	3	   	275.09	橙4易伤2伤害1等级1时间	1时间247a易伤3最后敌人59伤害6核8等级
159	51312 31333	3	   	275.09	橙4易伤2伤害1等级1时间	1时间235a易伤4敌人爆炸69伤害7核8等级
160	51315 23333	3	   	275.09	橙4易伤2伤害1等级1时间	1时间237a易伤4敌人爆炸59伤害6核8等级
161	51315 31363	3	   	275.09	橙4易伤2伤害1等级1时间	1时间239a易伤4敌人爆炸56伤害7核8等级
162	51363 23433	5	   	275.09	橙4易伤2伤害1等级1时间	1时间237a易伤4最后敌人59伤害6核8等级
163	51333 13263	9	   	275.02	橙5易伤3时间2全技能	145时间23457易伤45序列升级6a全技能8最后敌人9核
164	51333 13123	9	   	275.02	橙5易伤3时间2全技能	145时间23457易伤45序列升级6a全技能8核9低血量敌人
165	51333 13142	10	   	275.02	橙5易伤3时间2全技能	145时间23457易伤45序列升级6a全技能8核9随机矿
166	51333 13143	8	   	275.02	橙5易伤3时间2全技能	145时间23457易伤45序列升级6a全技能8核9低血量敌人
167	51322 31433	4	   	274.99	橙4易伤2伤害1等级1时间	1时间235a易伤4挖尘69伤害7核8等级
168	51323 23433	5	   	274.99	橙4易伤2伤害1等级1时间	1时间237a易伤4挖尘59伤害6核8等级
169	51323 31463	5	   	274.99	橙4易伤2伤害1等级1时间	1时间239a易伤4挖尘56伤害7核8等级
170	51353 23433	5	   	274.99	橙4易伤2伤害1等级1时间	1时间237a易伤4挖青59伤害6核8等级
171	51412 31433	3	   	274.99	橙4易伤2伤害1等级1时间	1时间245a易伤3挖尘69伤害7核8等级
172	51422 31433	4	   	274.99	橙4易伤2伤害1等级1时间	1时间245a易伤3挖尘69伤害7核8等级
173	51423 23433	5	   	274.99	橙4易伤2伤害1等级1时间	1时间247a易伤3挖尘59伤害6核8等级
174	51333 13165	8	   	274.92	橙5易伤3时间2全技能	145时间23457易伤45序列升级6a全技能8核9掉矿
175	31355 31433	4	 * 	274.49	橙4易伤3伤害1等级	1基地爆炸236a易伤4挖青569伤害6序列升级7核8等级
176	51333 33346	8	   	274.20	橙5易伤3时间	145时间2345a易伤45序列升级6雷电7平台8核9攻速
177	51333 35161	9	   	274.20	橙5易伤3时间	145时间23458易伤45序列升级6雷电7攻速9核a低血量敌人
178	51333 35161	10	   	274.20	橙5易伤3时间	145时间23458易伤45序列升级6雷电7攻速9核a金币生成
179	51333 35162	10	   	274.20	橙5易伤3时间	145时间23458易伤45序列升级6雷电7攻速9核a敌人爆炸
180	51333 35163	9	   	274.20	橙5易伤3时间	145时间23458易伤45序列升级6雷电7攻速9核a基地爆炸
181	51333 35163	10	   	274.20	橙5易伤3时间	145时间23458易伤45序列升级6雷电7攻速9核a额外掉落
182	51333 42361	6	   	274.20	橙5易伤3时间	145时间23456易伤456序列升级7核8攻速9雷电a额外掉落
183	51333 42363	6	   	274.10	橙5易伤3时间	145时间23456易伤456序列升级7核8攻速9雷电a赏金塔
184	51334 16122	9	   	274.02	橙3易伤3时间1等级1伤害	147时间234易伤4序列升级5平台6核8等级9伤害a全技能
185	51334 13423	6	   	273.85	橙4易伤2等级2时间1暴击	14时间234a易伤4序列升级5平台6核7暴击89等级
186	51333 33311	9	   	273.76	橙4易伤3时间1等级	145时间2345易伤45序列升级6雷电7平台8核9低血量敌人a等级
187	51333 33351	9	   	273.76	橙4易伤3时间1等级	145时间2345易伤45序列升级6雷电7平台8核9基地爆炸a等级
188	51333 33361	8	   	273.76	橙4易伤3时间1等级	145时间2345易伤45序列升级6雷电7平台8核9最后敌人a等级
189	51333 33321	8	   	273.66	橙4易伤3时间1等级	145时间2345易伤45序列升级6雷电7平台8核9挖尘a等级
190	51334 13431	6	   	273.09	橙3易伤2时间1等级1伤害1暴击	14时间234易伤4序列升级5平台6核7暴击8等级9伤害a雷电
191	51334 13432	6	   	273.09	橙3易伤2时间1等级1伤害1暴击	14时间234易伤4序列升级5平台6核7暴击8等级9伤害a攻速
192	51334 13521	6	   	273.09	橙3易伤2时间1等级1伤害1暴击	14时间234易伤4序列升级5平台6核7暴击8伤害9等级a雷电
193	51334 13522	6	   	273.09	橙3易伤2时间1等级1伤害1暴击	14时间234易伤4序列升级5平台6核7暴击8伤害9等级a攻速
194	51333 42243	5	   	272.96	橙4易伤3时间1伤害1暴击	145时间2345易伤45序列升级6立即金币7低血量敌人8暴击9伤害a核
195	51333 55223	10	   	272.96	橙4易伤3时间1伤害1暴击	145时间2345易伤45序列升级6伤害7低血量敌人8暴击9核a矿等
196	51333 55223	9	   	272.96	橙4易伤3时间1伤害1暴击	145时间2345易伤45序列升级6伤害7低血量敌人8暴击9核a双倍矿
197	51333 56223	10	   	272.96	橙4易伤3时间1伤害1暴击	145时间2345易伤45序列升级6伤害7基地爆炸8暴击9核a矿等
198	51333 55221	10	   	272.86	橙4易伤3时间1伤害1暴击	145时间2345易伤45序列升级6伤害7低血量敌人8暴击9核a挖尘
199	51333 55222	10	   	272.86	橙4易伤3时间1伤害1暴击	145时间2345易伤45序列升级6伤害7低血量敌人8暴击9核a加一
200	51333 55222	9	   	272.86	橙4易伤3时间1伤害1暴击	145时间2345易伤45序列升级6伤害7低血量敌人8暴击9核a掉矿
201	51333 56221	10	   	272.86	橙4易伤3时间1伤害1暴击	145时间2345易伤45序列升级6伤害7基地爆炸8暴击9核a挖尘
202	51333 56222	9	   	272.86	橙4易伤3时间1伤害1暴击	145时间2345易伤45序列升级6伤害7基地爆炸8暴击9核a掉矿
203	51333 56222	10	   	272.86	橙4易伤3时间1伤害1暴击	145时间2345易伤45序列升级6伤害7基地爆炸8暴击9核a加一
204	51333 56223	9	   	272.86	橙4易伤3时间1伤害1暴击	145时间2345易伤45序列升级6伤害7基地爆炸8暴击9核a挖青
205	51334 16121	10	   	272.67	橙3易伤3时间1等级1伤害	147时间234易伤4序列升级5平台6核8等级9伤害a攻速
206	51333 32616	9	   	272.44	橙5易伤3时间2雷电	145时间23458易伤45序列升级69雷电7最后敌人a核
207	51333 31213	8	   	272.34	橙5易伤3时间2雷电	145时间23459易伤459序列升级69雷电789掉矿a核
208	31336 51633	4	   	272.19	橙4易伤2时间1等级1伤害	14基地爆炸234a易伤4序列升级58时间6等级7核9伤害
209	51331 31313	4	   	272.19	橙4易伤2时间1等级1伤害	14时间234a易伤4序列升级5敌人爆炸6伤害7核8等级9基地爆炸
210	51331 31353	4	   	272.19	橙4易伤2时间1等级1伤害	14时间234a易伤4序列升级5敌人爆炸6伤害7核8等级9低血量敌人
211	51331 31361	4	   	272.19	橙4易伤2时间1等级1伤害	14时间2349易伤4序列升级5敌人爆炸6伤害7核8等级a低血量敌人
212	51331 51133	4	   	272.19	橙4易伤2时间1等级1伤害	14时间234a易伤4序列升级58敌人爆炸6等级7核9伤害
213	51332 31143	4	   	272.19	橙4易伤2时间1等级1伤害	14时间234a易伤4序列升级5基地爆炸6伤害7核8敌人爆炸9等级
214	51332 31413	4	   	272.19	橙4易伤2时间1等级1伤害	14时间234a易伤4序列升级59基地爆炸6伤害7核8等级
215	51332 31453	4	   	272.19	橙4易伤2时间1等级1伤害	14时间234a易伤4序列升级5基地爆炸6伤害7核8等级9低血量敌人
216	51332 31461	4	   	272.19	橙4易伤2时间1等级1伤害	14时间2349易伤4序列升级5基地爆炸6伤害7核8等级a低血量敌人
217	51332 51333	4	   	272.19	橙4易伤2时间1等级1伤害	14时间234a易伤4序列升级5基地爆炸6等级7核8双倍矿9伤害
218	31512 51633	3	   	272.09	橙4易伤2时间1等级1伤害	1基地爆炸245a易伤38时间6等级7核9伤害
219	31521 31463	5	   	272.09	橙4易伤2时间1等级1伤害	1基地爆炸249a易伤35时间6伤害7核8等级
220	31522 51633	4	   	272.09	橙4易伤2时间1等级1伤害	1基地爆炸245a易伤38时间6等级7核9伤害
221	31523 11463	5	   	272.09	橙4易伤2时间1等级1伤害	1基地爆炸249a易伤36时间5伤害7核8等级
222	51212 51633	3	   	272.09	橙4易伤2时间1等级1伤害	18时间245a易伤3最后敌人6等级7核9伤害
223	51312 51633	3	   	272.09	橙4易伤2时间1等级1伤害	18时间235a易伤4敌人爆炸6等级7核9伤害
224	51315 11363	3	   	272.09	橙4易伤2时间1等级1伤害	16时间239a易伤4敌人爆炸5伤害7核8等级
225	51512 31363	3	   	272.09	橙4易伤2时间1等级1伤害	13时间259a易伤4敌人爆炸6伤害7核8等级
226	51331 31243	4	   	272.09	橙4易伤2时间1等级1伤害	14时间234a易伤4序列升级5敌人爆炸6伤害7核8挖尘9等级
227	51331 31362	4	   	272.09	橙4易伤2时间1等级1伤害	14时间2349易伤4序列升级5敌人爆炸6伤害7核8等级a掉矿
228	51331 31366	4	   	272.09	橙4易伤2时间1等级1伤害	14时间2349易伤4序列升级5敌人爆炸6伤害7核8等级a挖尘
229	51332 31424	4	   	272.09	橙4易伤2时间1等级1伤害	14时间234a易伤4序列升级5基地爆炸6伤害7核8等级9赏金邻近
230	51332 31462	4	   	272.09	橙4易伤2时间1等级1伤害	14时间2349易伤4序列升级5基地爆炸6伤害7核8等级a掉矿
231	51332 51242	4	   	272.09	橙4易伤2时间1等级1伤害	14时间2349易伤4序列升级5基地爆炸6等级7核8赏金塔a伤害
232	51321 31463	5	   	271.99	橙4易伤2时间1等级1伤害	15时间239a易伤4挖尘6伤害7核8等级
233	51323 11463	5	   	271.99	橙4易伤2时间1等级1伤害	16时间239a易伤4挖尘5伤害7核8等级
234	51312 61532	4	   	271.98	橙4易伤2伤害2时间	19时间2359易伤4金币生成6低血量敌人7核89伤害9序列升级a雷电
235	51252 13151	10	   	271.70	橙3易伤3伤害3时间	178时间278易伤3a最后敌人4低血量敌人5平台678伤害78序列升级9核
236	51252 13152	10	   	271.70	橙3易伤3伤害3时间	178时间278易伤3最后敌人4低血量敌人5平台678伤害78序列升级9核a双倍矿
237	51252 13153	9	   	271.70	橙3易伤3伤害3时间	178时间278易伤3最后敌人4低血量敌人5平台678伤害78序列升级9核a敌人爆炸
238	51252 13161	10	   	271.70	橙3易伤3伤害3时间	178时间278易伤3最后敌人4低血量敌人5平台678伤害78序列升级9金币生成a核
239	51252 13131	10	   	271.60	橙3易伤3伤害3时间	178时间278易伤3最后敌人4低血量敌人5平台678伤害78序列升级9掉矿a核
240	51252 13151	9	   	271.60	橙3易伤3伤害3时间	178时间278易伤3最后敌人4低血量敌人5平台678伤害78序列升级9核a挖尘
241	51252 13153	10	   	271.60	橙3易伤3伤害3时间	178时间278易伤3最后敌人4低血量敌人5平台678伤害78序列升级9核a掉矿
242	51333 42221	6	   	271.14	橙5易伤3时间1暴击	145时间23456易伤456序列升级7核8赏金塔9基地爆炸a暴击
243	51333 42231	6	   	271.14	橙5易伤3时间1暴击	145时间23456易伤456序列升级7核8赏金塔9最后敌人a暴击
244	51333 42241	6	   	271.14	橙5易伤3时间1暴击	145时间23456易伤456序列升级7核8赏金塔9低血量敌人a暴击
245	51333 42521	6	   	271.14	橙5易伤3时间1暴击	145时间23456易伤456序列升级7核8赏金邻近9基地爆炸a暴击
246	51333 42531	6	   	271.14	橙5易伤3时间1暴击	145时间23456易伤456序列升级7核8赏金邻近9最后敌人a暴击
247	51333 43116	6	   	271.14	橙5易伤3时间1暴击	145时间23456易伤456序列升级7挖尘8核9金币生成a暴击
248	51333 42261	6	   	271.04	橙5易伤3时间1暴击	145时间23456易伤456序列升级7核8赏金塔9挖尘a暴击
