0	Index      	Bounty	 *	Score 	Summary	Detail	
1	61611 15122	10	 * 	297.90	橙3易伤3伤害3时间1等级	189易伤29敌人爆炸389伤害478时间5立即金币6核89序列升级a等级
2	63611 15122	10	   	297.70	橙3易伤3伤害3时间1等级	189易伤29挖尘389伤害478时间5立即金币6核89序列升级a等级
3	63312 32333	1	 * 	295.02	橙5易伤2伤害2等级	1456a易伤2掉矿3a等级7全技能8核9a伤害a序列升级
4	61142 43121	9	 * 	292.07	橙5易伤3时间3等级	1689a易伤29敌人爆炸389等级4双倍矿568时间689序列升级7核
5	61111 43121	9	   	292.07	橙5易伤3时间3等级	1689a易伤29敌人爆炸389等级468时间5立即金币689序列升级7核
6	61111 43136	9	   	291.97	橙5易伤3时间2等级	1689a易伤2敌人爆炸38等级468时间5立即金币68序列升级7核
7	63111 43121	9	   	291.87	橙5易伤3时间3等级	1689a易伤29挖尘389等级468时间5立即金币689序列升级7核
8	63111 43136	9	   	291.87	橙5易伤3时间2等级	1689a易伤2挖尘38等级468时间5立即金币68序列升级7核
9	63142 43121	9	   	291.87	橙5易伤3时间3等级	1689a易伤29挖尘389等级4双倍矿568时间689序列升级7核
10	61152 43121	10	   	287.38	橙4易伤3时间3等级1暴击	1689易伤249敌人爆炸389等级568时间689序列升级7核a暴击
11	61152 43123	9	   	287.38	橙4易伤3时间3等级1暴击	1689易伤249敌人爆炸389等级568时间689序列升级7核a暴击
12	63115 43121	10	   	287.08	橙4易伤3时间3等级1暴击	1689易伤259挖尘389等级468时间689序列升级7核a暴击
13	63115 43123	9	   	287.08	橙4易伤3时间3等级1暴击	1689易伤259挖尘389等级468时间689序列升级7核a暴击
14	61611 15131	10	   	282.05	橙3易伤3时间2伤害1等级	189易伤2敌人爆炸38伤害478时间5立即金币6核8序列升级a等级
15	61111 43126	9	   	282.04	橙4易伤3时间3等级	1689易伤29敌人爆炸389等级468时间5立即金币689序列升级7核a攻速
16	63611 15131	10	   	281.95	橙3易伤3时间2伤害1等级	189易伤2挖尘38伤害478时间5立即金币6核8序列升级a等级
17	61111 43133	9	   	281.94	橙4易伤3时间2等级	1689易伤2敌人爆炸38等级468时间5立即金币68序列升级7核a雷电
18	61111 43153	9	   	281.94	橙4易伤3时间2等级	168a易伤2敌人爆炸38等级468时间5立即金币68序列升级7核9雷电
19	61142 43133	9	   	281.94	橙4易伤3时间2等级	1689易伤2敌人爆炸38等级4双倍矿568时间68序列升级7核a雷电
20	61152 43133	9	   	281.94	橙4易伤3时间2等级	1689易伤24敌人爆炸38等级568时间68序列升级7核a雷电
21	62116 13243	6	   	281.85	橙3易伤3时间2伤害1等级	15a易伤2挖青3等级48a时间6核7a伤害9赏金邻近a序列升级
22	62116 13263	6	   	281.85	橙3易伤3时间2伤害1等级	15a易伤2挖青3等级48a时间6核7a伤害9赏金塔a序列升级
23	63111 43126	9	   	281.84	橙4易伤3时间3等级	1689易伤29挖尘389等级468时间5立即金币689序列升级7核a攻速
24	63111 43133	9	   	281.84	橙4易伤3时间2等级	1689易伤2挖尘38等级468时间5立即金币68序列升级7核a雷电
25	63142 43133	9	   	281.84	橙4易伤3时间2等级	1689易伤2挖尘38等级4双倍矿568时间68序列升级7核a雷电
26	63111 43153	9	   	281.84	橙4易伤3时间2等级	168a易伤2挖尘38等级468时间5立即金币68序列升级7核9雷电
27	62116 43113	8	   	281.74	橙4易伤3时间3等级	1589易伤2挖青368等级468时间68序列升级7核a攻速
28	63115 43133	9	   	281.74	橙4易伤3时间2等级	1689易伤25挖尘38等级468时间68序列升级7核a雷电
29	61111 43152	10	 * 	280.95	橙3易伤3时间2等级1伤害	168易伤2敌人爆炸38等级468时间5立即金币68序列升级7核9雷电a伤害
30	63111 43152	10	   	280.85	橙3易伤3时间2等级1伤害	168易伤2挖尘38等级468时间5立即金币68序列升级7核9雷电a伤害
31	62116 12523	9	   	280.21	橙4易伤3时间1等级2雷电	158a易伤2挖青3等级489时间6核78雷电8序列升级
32	61611 15123	9	   	280.01	橙3易伤3伤害3时间	189易伤29敌人爆炸389伤害478时间5立即金币6核89序列升级a攻速
33	63611 15123	9	   	279.81	橙3易伤3伤害3时间	189易伤29挖尘389伤害478时间5立即金币6核89序列升级a攻速
34	62116 12522	10	   	279.22	橙3易伤3时间1等级1伤害2雷电	158易伤2挖青3等级489时间6核78雷电8序列升级a伤害
35	62123 43114	9	   	278.55	橙5易伤2等级2时间	1589a易伤2挖青38等级4立即金币68时间7核8序列升级
36	66312 23253	2	   	274.99	橙4易伤2伤害1等级2攻速1核弹	145a易伤2核弹3等级6赏金邻近7a伤害8核9a攻速a序列升级
37	61111 43161	8	   	274.54	橙3易伤3时间2等级1暴击	168易伤2敌人爆炸38等级468时间5立即金币68序列升级7核9暴击a攻速
38	63111 43161	8	   	274.44	橙3易伤3时间2等级1暴击	168易伤2挖尘38等级468时间5立即金币68序列升级7核9暴击a攻速
39	61142 43121	10	   	273.73	橙4易伤3时间3等级	1689易伤29敌人爆炸389等级4双倍矿568时间689序列升级7核a最后敌人
40	61142 43123	9	   	273.73	橙4易伤3时间3等级	1689易伤29敌人爆炸389等级4双倍矿568时间689序列升级7核a立即金币
41	61152 43121	9	   	273.73	橙4易伤3时间3等级	1689易伤249敌人爆炸389等级568时间689序列升级7核a双倍矿
42	61152 43122	10	   	273.73	橙4易伤3时间3等级	1689易伤249敌人爆炸389等级568时间689序列升级7核a平台
43	61152 43122	9	   	273.73	橙4易伤3时间3等级	1689易伤249敌人爆炸389等级568时间689序列升级7核a平台
44	61152 43123	10	   	273.73	橙4易伤3时间3等级	1689易伤249敌人爆炸389等级568时间689序列升级7核a金币生成
45	61111 43121	10	   	273.73	橙4易伤3时间3等级	1689易伤29敌人爆炸389等级468时间5立即金币689序列升级7核a最后敌人
46	61111 43123	9	   	273.73	橙4易伤3时间3等级	1689易伤29敌人爆炸389等级468时间5a立即金币689序列升级7核
47	61111 43124	10	   	273.73	橙4易伤3时间3等级	1689易伤29a敌人爆炸389等级468时间5立即金币689序列升级7核
48	61111 43124	9	   	273.73	橙4易伤3时间3等级	1689易伤29敌人爆炸389等级468时间5立即金币689序列升级7核a最后敌人
49	61111 43125	9	   	273.73	橙4易伤3时间3等级	1689易伤29敌人爆炸389等级468时间5立即金币689序列升级7核a平台
50	61111 15126	9	   	273.63	橙4易伤3时间3等级	189a易伤29敌人爆炸389等级478时间5立即金币6核89序列升级
51	61142 43113	10	   	273.63	橙4易伤3时间2等级	168a易伤2敌人爆炸38等级4双倍矿568时间68序列升级7核9最后敌人
52	61142 43122	10	   	273.63	橙4易伤3时间3等级	1689易伤29敌人爆炸389等级4双倍矿568时间689序列升级7核a挖尘
53	61142 43122	9	   	273.63	橙4易伤3时间3等级	1689易伤29敌人爆炸389等级4双倍矿568时间689序列升级7核a掉矿
54	61142 43123	10	   	273.63	橙4易伤3时间3等级	1689易伤29敌人爆炸389等级4双倍矿568时间689序列升级7核a掉矿
55	61142 43133	10	   	273.63	橙4易伤3时间2等级	1689易伤2敌人爆炸38等级4双倍矿568时间68序列升级7核a低血量敌人
56	61152 15122	9	   	273.63	橙4易伤3时间3等级	189a易伤249敌人爆炸389等级578时间6核89序列升级
57	61152 43113	10	   	273.63	橙4易伤3时间2等级	168a易伤24敌人爆炸38等级568时间68序列升级7核9最后敌人
58	61152 43133	10	   	273.63	橙4易伤3时间2等级	1689易伤24敌人爆炸38等级568时间68序列升级7核a低血量敌人
59	61111 43113	10	   	273.63	橙4易伤3时间2等级	168a易伤2敌人爆炸38等级468时间5立即金币68序列升级7核9最后敌人
60	61111 43122	10	   	273.63	橙4易伤3时间3等级	1689易伤29敌人爆炸389等级468时间5立即金币689序列升级7核a挖尘
61	61111 43122	9	   	273.63	橙4易伤3时间3等级	1689易伤29敌人爆炸389等级468时间5立即金币689序列升级7核a掉矿
62	61111 43123	10	   	273.63	橙4易伤3时间3等级	1689易伤29敌人爆炸389等级468时间5立即金币689序列升级7核a掉矿
63	61111 43133	10	   	273.63	橙4易伤3时间2等级	1689易伤2敌人爆炸38等级468时间5立即金币68序列升级7核a低血量敌人
64	61111 43134	9	   	273.63	橙4易伤3时间2等级	1689易伤2敌人爆炸38等级468时间5立即金币68序列升级7核a基地爆炸
65	61111 43135	10	   	273.63	橙4易伤3时间2等级	1689易伤2敌人爆炸38等级468时间5立即金币68序列升级7核a矿等
66	61111 43135	9	   	273.63	橙4易伤3时间2等级	1689易伤2敌人爆炸38等级468时间5立即金币68序列升级7核a金币生成
67	61114 63122	9	   	273.63	橙4易伤3时间3等级	189a易伤269敌人爆炸389等级458时间7核89序列升级
68	61111 15136	9	   	273.53	橙4易伤3时间2等级	189a易伤2敌人爆炸38等级478时间5立即金币6核8序列升级
69	61142 43131	9	   	273.53	橙4易伤3时间2等级	1689易伤2敌人爆炸38等级4双倍矿568时间68序列升级7核a赏金邻近
70	61142 43131	10	   	273.53	橙4易伤3时间3等级	1689易伤2敌人爆炸38a等级4双倍矿568时间68序列升级7核
71	61142 43132	9	   	273.53	橙4易伤3时间2等级	1689易伤2敌人爆炸38等级4双倍矿568时间68序列升级7核a掉矿
72	61142 43132	10	   	273.53	橙4易伤3时间2等级	1689易伤2敌人爆炸38等级4双倍矿568时间68序列升级7核a掉矿
73	61152 43131	9	   	273.53	橙4易伤3时间2等级	1689易伤24敌人爆炸38等级568时间68序列升级7核a赏金邻近
74	61152 43131	10	   	273.53	橙4易伤3时间3等级	1689易伤24敌人爆炸38a等级568时间68序列升级7核
75	61152 43132	10	   	273.53	橙4易伤3时间2等级	1689易伤24敌人爆炸38等级568时间68序列升级7核a掉矿
76	61152 43132	9	   	273.53	橙4易伤3时间2等级	1689易伤24敌人爆炸38等级568时间68序列升级7核a掉矿
77	63111 43113	10	   	273.53	橙4易伤3时间2等级	168a易伤2挖尘38等级468时间5立即金币68序列升级7核9最后敌人
78	63111 43121	10	   	273.53	橙4易伤3时间3等级	1689易伤29挖尘389等级468时间5立即金币689序列升级7核a最后敌人
79	63111 43123	9	   	273.53	橙4易伤3时间3等级	1689易伤29挖尘389等级468时间5a立即金币689序列升级7核
80	63111 43123	10	   	273.53	橙4易伤3时间3等级	1689易伤29挖尘389等级468时间5立即金币689序列升级7核a金币生成
81	63111 43124	9	   	273.53	橙4易伤3时间3等级	1689易伤29挖尘389等级468时间5立即金币689序列升级7核a最后敌人
82	63111 43124	10	   	273.53	橙4易伤3时间3等级	1689易伤29挖尘389等级468时间5立即金币689序列升级7核a敌人爆炸
83	63111 43125	9	   	273.53	橙4易伤3时间3等级	1689易伤29挖尘389等级468时间5立即金币689序列升级7核a平台
84	63111 43126	10	   	273.53	橙4易伤3时间3等级	1689易伤29挖尘389等级468时间5立即金币689序列升级7核a矿等
85	63111 43133	10	   	273.53	橙4易伤3时间2等级	1689易伤2挖尘38等级468时间5立即金币68序列升级7核a低血量敌人
86	63111 43134	9	   	273.53	橙4易伤3时间2等级	1689易伤2挖尘38等级468时间5立即金币68序列升级7核a基地爆炸
87	63111 43134	10	   	273.53	橙4易伤3时间2等级	1689易伤2挖尘38等级468时间5立即金币68序列升级7核a基地爆炸
88	63111 43135	9	   	273.53	橙4易伤3时间2等级	1689易伤2挖尘38等级468时间5立即金币68序列升级7核a金币生成
89	63111 43135	10	   	273.53	橙4易伤3时间2等级	1689易伤2挖尘38等级468时间5立即金币68序列升级7核a矿等
90	63142 43113	10	   	273.53	橙4易伤3时间2等级	168a易伤2挖尘38等级4双倍矿568时间68序列升级7核9最后敌人
91	63142 43121	10	   	273.53	橙4易伤3时间3等级	1689易伤29挖尘389等级4双倍矿568时间689序列升级7核a最后敌人
92	63142 43123	10	   	273.53	橙4易伤3时间3等级	1689易伤29挖尘389等级4双倍矿568时间689序列升级7核a金币生成
93	63142 43123	9	   	273.53	橙4易伤3时间3等级	1689易伤29挖尘389等级4双倍矿568时间689序列升级7核a立即金币
94	63142 43133	10	   	273.53	橙4易伤3时间2等级	1689易伤2挖尘38等级4双倍矿568时间68序列升级7核a低血量敌人
95	61111 43131	10	   	273.53	橙4易伤3时间3等级	1689易伤2敌人爆炸38a等级468时间5立即金币68序列升级7核
96	61111 43131	9	   	273.53	橙4易伤3时间2等级	1689易伤2敌人爆炸38等级468时间5立即金币68序列升级7核a赏金邻近
97	61111 43132	10	   	273.53	橙4易伤3时间2等级	1689易伤2敌人爆炸38等级468时间5立即金币68序列升级7核a掉矿
98	61111 43132	9	   	273.53	橙4易伤3时间2等级	1689易伤2敌人爆炸38等级468时间5立即金币68序列升级7核a掉矿
99	62116 16112	9	   	273.43	橙4易伤3时间2等级	1589易伤2挖青38等级48a时间6核7双倍矿8序列升级
100	62111 43116	8	   	273.43	橙4易伤3时间3等级	189a易伤2挖青368等级468时间5立即金币68序列升级7核
101	62116 43111	8	   	273.43	橙4易伤3时间3等级	1589易伤2挖青368等级468时间68序列升级7核a金币生成
102	62116 43112	8	   	273.43	橙4易伤3时间3等级	1589易伤2挖青368等级468时间68序列升级7核a基地爆炸
103	63111 15126	9	   	273.43	橙4易伤3时间3等级	189a易伤29挖尘389等级478时间5立即金币6核89序列升级
104	63111 15136	9	   	273.43	橙4易伤3时间2等级	189a易伤2挖尘38等级478时间5立即金币6核8序列升级
105	63111 43122	9	   	273.43	橙4易伤3时间3等级	1689易伤29挖尘389等级468时间5立即金币689序列升级7核a掉矿
106	63111 43122	10	   	273.43	橙4易伤3时间3等级	1689易伤29a挖尘389等级468时间5立即金币689序列升级7核
107	63111 43131	10	   	273.43	橙4易伤3时间3等级	1689易伤2挖尘38a等级468时间5立即金币68序列升级7核
108	63111 43131	9	   	273.43	橙4易伤3时间2等级	1689易伤2挖尘38等级468时间5立即金币68序列升级7核a赏金邻近
109	63111 43132	10	   	273.43	橙4易伤3时间2等级	1689易伤2挖尘38等级468时间5立即金币68序列升级7核a掉矿
110	63111 43132	9	   	273.43	橙4易伤3时间2等级	1689易伤2挖尘38等级468时间5立即金币68序列升级7核a掉矿
111	63115 43113	10	   	273.43	橙4易伤3时间2等级	168a易伤25挖尘38等级468时间68序列升级7核9最后敌人
112	63115 43121	9	   	273.43	橙4易伤3时间3等级	1689易伤259挖尘389等级468时间689序列升级7核a双倍矿
113	63115 43122	9	   	273.43	橙4易伤3时间3等级	1689易伤259挖尘389等级468时间689序列升级7核a平台
114	63115 43122	10	   	273.43	橙4易伤3时间3等级	1689易伤259挖尘389等级468时间689序列升级7核a平台
115	63115 43123	10	   	273.43	橙4易伤3时间3等级	1689易伤259挖尘389等级468时间689序列升级7核a金币生成
116	63115 43133	10	   	273.43	橙4易伤3时间2等级	1689易伤25挖尘38等级468时间68序列升级7核a低血量敌人
117	63142 43122	10	   	273.43	橙4易伤3时间3等级	1689易伤29a挖尘389等级4双倍矿568时间689序列升级7核
118	63142 43122	9	   	273.43	橙4易伤3时间3等级	1689易伤29挖尘389等级4双倍矿568时间689序列升级7核a掉矿
119	63142 43131	10	   	273.43	橙4易伤3时间3等级	1689易伤2挖尘38a等级4双倍矿568时间68序列升级7核
120	63142 43131	9	   	273.43	橙4易伤3时间2等级	1689易伤2挖尘38等级4双倍矿568时间68序列升级7核a赏金邻近
121	63142 43132	9	   	273.43	橙4易伤3时间2等级	1689易伤2挖尘38等级4双倍矿568时间68序列升级7核a掉矿
122	63142 43132	10	   	273.43	橙4易伤3时间2等级	1689易伤2挖尘38等级4双倍矿568时间68序列升级7核a掉矿
123	62123 43112	9	   	273.43	橙4易伤3时间2等级	1589易伤2挖青38等级4立即金币68a时间7核8序列升级
124	62116 43123	8	   	273.33	橙4易伤3时间3等级	158a易伤2挖青368等级468时间68序列升级7核9赏金塔
125	63115 15122	9	   	273.33	橙4易伤3时间3等级	189a易伤259挖尘389等级478时间6核89序列升级
126	63115 43131	10	   	273.33	橙4易伤3时间3等级	1689易伤25挖尘38a等级468时间68序列升级7核
127	63115 43131	9	   	273.33	橙4易伤3时间2等级	1689易伤25挖尘38等级468时间68序列升级7核a赏金邻近
128	63115 43132	10	   	273.33	橙4易伤3时间2等级	1689易伤25挖尘38等级468时间68序列升级7核a掉矿
129	63115 43132	9	   	273.33	橙4易伤3时间2等级	1689易伤25挖尘38等级468时间68序列升级7核a掉矿
130	61111 43114	10	   	272.64	橙3易伤3时间2等级1伤害	168易伤2敌人爆炸38等级468时间5立即金币68序列升级7核9最后敌人a伤害
131	61111 43141	10	   	272.64	橙3易伤3时间2等级1伤害	168易伤2敌人爆炸38等级468时间5立即金币68序列升级7核9伤害a金币生成
132	61111 43141	9	   	272.64	橙3易伤3时间2等级1伤害	168易伤2敌人爆炸38等级468时间5立即金币68序列升级7核9伤害a最后敌人
133	61111 43142	10	   	272.64	橙3易伤3时间2等级1伤害	168易伤2敌人爆炸38等级468时间5立即金币68序列升级7核9伤害a最后敌人
134	61111 43142	9	   	272.64	橙3易伤3时间2等级1伤害	168易伤2敌人爆炸38等级468时间5立即金币68序列升级7核9伤害a低血量敌人
135	61111 43143	10	   	272.64	橙3易伤3时间2等级1伤害	168易伤2敌人爆炸38等级468时间5立即金币68序列升级7核9伤害a低血量敌人
136	63111 43114	10	   	272.54	橙3易伤3时间2等级1伤害	168易伤2挖尘38等级468时间5立即金币68序列升级7核9最后敌人a伤害
137	63111 43141	10	   	272.54	橙3易伤3时间2等级1伤害	168易伤2挖尘38等级468时间5立即金币68序列升级7核9伤害a金币生成
138	63111 43141	9	   	272.54	橙3易伤3时间2等级1伤害	168易伤2挖尘38等级468时间5立即金币68序列升级7核9伤害a最后敌人
139	63111 43142	10	   	272.54	橙3易伤3时间2等级1伤害	168易伤2挖尘38等级468时间5立即金币68序列升级7核9伤害a最后敌人
140	63111 43142	9	   	272.54	橙3易伤3时间2等级1伤害	168易伤2挖尘38等级468时间5立即金币68序列升级7核9伤害a低血量敌人
141	63111 43143	10	   	272.54	橙3易伤3时间2等级1伤害	168易伤2挖尘38等级468时间5立即金币68序列升级7核9伤害a低血量敌人
142	62116 43121	8	 * 	272.34	橙3易伤3时间3等级1伤害	158易伤2挖青368等级468时间68序列升级7核9赏金塔a伤害
143	61611 15121	10	   	271.70	橙3易伤3伤害3时间	189易伤29敌人爆炸389伤害478时间5立即金币6核89序列升级a金币生成
144	61611 15121	9	   	271.70	橙3易伤3伤害3时间	189易伤29敌人爆炸389伤害478时间5立即金币6核89序列升级a金币生成
145	61611 15122	9	   	271.70	橙3易伤3伤害3时间	189易伤29敌人爆炸389伤害478时间5立即金币6核89序列升级a基地爆炸
146	61611 15123	10	   	271.70	橙3易伤3伤害3时间	189易伤29敌人爆炸389伤害478时间5立即金币6核89序列升级a最后敌人
147	63611 15121	9	   	271.50	橙3易伤3伤害3时间	189易伤29挖尘389伤害478时间5立即金币6核89序列升级a金币生成
148	63611 15121	10	   	271.50	橙3易伤3伤害3时间	189易伤29挖尘389伤害478时间5立即金币6核89序列升级a金币生成
149	63611 15122	9	   	271.50	橙3易伤3伤害3时间	189易伤29挖尘389伤害478时间5立即金币6核89序列升级a基地爆炸
150	63611 15123	10	   	271.50	橙3易伤3伤害3时间	189易伤29挖尘389伤害478时间5立即金币6核89序列升级a最后敌人
151	61411 51244	8	   	268.72	橙3易伤2伤害2时间1等级	149易伤2敌人爆炸3平台59时间6加一79伤害8核9序列升级a等级
152	62411 41344	7	   	268.62	橙3易伤2伤害2时间1等级	149易伤2挖青3平台59时间6核79伤害8加一9序列升级a等级
153	62411 43344	6	   	268.62	橙3易伤2伤害2时间1等级	149易伤2挖青3平台59时间6核79伤害8加一9序列升级a等级
154	62411 51244	8	   	268.62	橙3易伤2伤害2时间1等级	149易伤2挖青3平台59时间6加一79伤害8核9序列升级a等级
155	63411 41344	7	   	268.62	橙3易伤2伤害2时间1等级	149易伤2挖尘3平台59时间6核79伤害8加一9序列升级a等级
156	63411 43344	6	   	268.62	橙3易伤2伤害2时间1等级	149易伤2挖尘3平台59时间6核79伤害8加一9序列升级a等级
157	63411 51244	8	   	268.62	橙3易伤2伤害2时间1等级	149易伤2挖尘3平台59时间6加一79伤害8核9序列升级a等级
158	62116 16113	10	   	268.51	橙4易伤2等级2时间	1589易伤2挖青38等级48时间6核7双倍矿8序列升级a攻速
159	62123 43113	10	   	268.51	橙4易伤2等级2时间	1589易伤2挖青38等级4立即金币68时间7核8序列升级a攻速
160	62123 43115	10	   	268.51	橙4易伤2等级2时间	1589易伤2挖青38等级4立即金币68时间7核8序列升级a雷电
161	62123 43135	9	   	268.51	橙4易伤2等级2时间	158a易伤2挖青38等级4立即金币68时间7核8序列升级9攻速
162	62123 43136	10	   	268.51	橙4易伤2等级2时间	158a易伤2挖青38等级4立即金币68时间7核8序列升级9攻速
163	62116 16123	6	   	268.17	橙4易伤2时间1等级2攻速	159a易伤2挖青3等级4a时间6核7赏金邻近8a攻速a序列升级
