0	Index      	Bounty	 *	Score 	Summary	Detail	
1	21311 11143	3	 * 	288.05	橙4易伤3伤害1时间1暴击1全技能	1双倍矿256伤害3全技能4569易伤56序列升级7核8时间a暴击
2	21311 11553	3	   	288.05	橙4易伤3伤害1时间1暴击1全技能	1双倍矿256伤害3全技能4568易伤56序列升级7核9时间a暴击
3	21311 11134	3	 * 	287.86	橙3易伤3伤害1等级1时间1全技能	1双倍矿256伤害3全技能456易伤56序列升级7核8时间9等级a攻速
4	26152 14132	3	 * 	287.63	橙3易伤3伤害2等级1时间1全技能	1双倍矿2时间356易伤456伤害56序列升级7核8全技能9a等级
5	21311 11132	3	   	287.63	橙3易伤3伤害2等级1时间1全技能	1双倍矿256伤害3全技能456易伤56序列升级7核8时间9a等级
6	26622 14132	3	   	287.63	橙3易伤3伤害2等级1时间1全技能	1双倍矿2时间356伤害456易伤56序列升级7核8全技能9a等级
7	21311 54133	3	   	286.34	橙3易伤3伤害2等级2雷电1全技能	1双倍矿25a伤害3全技能459易伤5a序列升级6a等级7a雷电8核
8	21311 11566	3	 * 	284.36	橙4易伤3伤害1等级1全技能	1双倍矿256伤害3全技能4568易伤56序列升级7核9低血量敌人a等级
9	21311 11646	3	   	284.36	橙4易伤3伤害1等级1全技能	1双倍矿256伤害3全技能4569易伤56序列升级7核8最后敌人a等级
10	23152 15431	3	   	283.00	橙4易伤3伤害1等级	1双倍矿2基地爆炸3567易伤456伤害56序列升级8等级9核a攻速
11	23622 15431	3	   	283.00	橙4易伤3伤害1等级	1双倍矿2基地爆炸356伤害4567易伤56序列升级8等级9核a攻速
12	31252 15431	2	   	283.00	橙4易伤3伤害1等级	13基地爆炸2567易伤456伤害56序列升级8等级9核a攻速
13	33152 15431	3	   	283.00	橙4易伤3伤害1等级	1基地爆炸2立即金币3567易伤456伤害56序列升级8等级9核a攻速
14	33622 15431	3	   	283.00	橙4易伤3伤害1等级	1基地爆炸2立即金币356伤害4567易伤56序列升级8等级9核a攻速
15	21311 11146	3	   	282.71	橙4易伤3伤害1时间1全技能	1双倍矿256伤害3全技能4569易伤56序列升级7核8时间a攻速
16	21311 11556	3	   	282.71	橙4易伤3伤害1时间1全技能	1双倍矿256伤害3全技能4568易伤56序列升级7核9时间a攻速
17	21311 11115	3	   	282.71	橙4易伤3伤害1时间1全技能	1双倍矿256伤害3全技能456a易伤56序列升级7核8时间9雷电
18	26152 14131	3	   	279.56	橙3易伤3伤害1等级1时间1全技能	1双倍矿2时间356易伤456伤害56序列升级7核8全技能9等级a金币生成
19	26152 14133	3	   	279.56	橙3易伤3伤害1等级1时间1全技能	1双倍矿2时间356易伤456伤害56序列升级7核8全技能9等级a矿等
20	21311 11131	3	   	279.56	橙3易伤3伤害1等级1时间1全技能	1双倍矿256伤害3全技能456易伤56序列升级7核8时间9等级a金币生成
21	21311 11133	3	   	279.56	橙3易伤3伤害1等级1时间1全技能	1双倍矿256伤害3全技能456易伤56序列升级7核8时间9等级a矿等
22	21311 11162	3	   	279.56	橙3易伤3伤害1等级1时间1全技能	1双倍矿256伤害3全技能456易伤56序列升级7核8时间9随机矿a等级
23	26622 14131	3	   	279.56	橙3易伤3伤害1等级1时间1全技能	1双倍矿2时间356伤害456易伤56序列升级7核8全技能9等级a金币生成
24	26622 14133	3	   	279.56	橙3易伤3伤害1等级1时间1全技能	1双倍矿2时间356伤害456易伤56序列升级7核8全技能9等级a矿等
25	21311 11135	3	   	279.46	橙3易伤3伤害1等级1时间1全技能	1双倍矿256伤害3全技能456易伤56序列升级7核8时间9等级a赏金邻近
26	21311 11136	3	   	279.46	橙3易伤3伤害1等级1时间1全技能	1双倍矿256伤害3全技能456易伤56序列升级7核8时间9等级a赏金塔
27	21311 11361	3	   	279.46	橙3易伤3伤害1等级1时间1全技能	1双倍矿256伤害3全技能456易伤56序列升级7核8赏金塔9时间a等级
28	21311 54135	3	   	276.91	橙4易伤2伤害1等级1全技能	1双倍矿25伤害3全技能459a易伤5序列升级6等级7雷电8核
29	23152 14363	3	   	275.60	橙3易伤3伤害1等级1暴击	1双倍矿2基地爆炸356易伤456伤害56序列升级7核8雷电9等级a暴击
30	23622 14363	3	   	275.60	橙3易伤3伤害1等级1暴击	1双倍矿2基地爆炸356伤害456易伤56序列升级7核8雷电9等级a暴击
31	31252 14363	2	   	275.60	橙3易伤3伤害1等级1暴击	13基地爆炸256易伤456伤害56序列升级7核8雷电9等级a暴击
32	33152 14363	3	   	275.60	橙3易伤3伤害1等级1暴击	1基地爆炸2立即金币356易伤456伤害56序列升级7核8雷电9等级a暴击
33	33622 14363	3	   	275.60	橙3易伤3伤害1等级1暴击	1基地爆炸2立即金币356伤害456易伤56序列升级7核8雷电9等级a暴击
34	23152 15433	3	   	274.69	橙4易伤3伤害1等级	1双倍矿2基地爆炸3567易伤456伤害56序列升级8等级9核a敌人爆炸
35	23622 15433	3	   	274.69	橙4易伤3伤害1等级	1双倍矿2基地爆炸356伤害4567易伤56序列升级8等级9核a敌人爆炸
36	31252 15433	2	   	274.69	橙4易伤3伤害1等级	13基地爆炸2567易伤456伤害56序列升级8等级9核a敌人爆炸
37	33152 15433	3	   	274.69	橙4易伤3伤害1等级	1基地爆炸2立即金币3567易伤456伤害56序列升级8等级9核a敌人爆炸
38	33622 15433	3	   	274.69	橙4易伤3伤害1等级	1基地爆炸2立即金币356伤害4567易伤56序列升级8等级9核a敌人爆炸
39	23152 15432	3	   	274.59	橙4易伤3伤害1等级	1双倍矿2基地爆炸3567易伤456伤害56序列升级8等级9核a挖青
40	23622 15432	3	   	274.59	橙4易伤3伤害1等级	1双倍矿2基地爆炸356伤害4567易伤56序列升级8等级9核a挖青
41	31252 15432	2	   	274.59	橙4易伤3伤害1等级	13基地爆炸2567易伤456伤害56序列升级8等级9核a挖青
42	33152 15432	3	   	274.59	橙4易伤3伤害1等级	1基地爆炸2立即金币3567易伤456伤害56序列升级8等级9核a挖青
43	33622 15432	3	   	274.59	橙4易伤3伤害1等级	1基地爆炸2立即金币356伤害4567易伤56序列升级8等级9核a挖青
44	21311 11125	3	   	274.40	橙4易伤3伤害1时间1全技能	1双倍矿256伤害3全技能456a易伤56序列升级7核8时间9低血量敌人
45	21311 11141	3	   	274.40	橙4易伤3伤害1时间1全技能	1双倍矿256伤害3全技能4569易伤56序列升级7核8时间a金币生成
46	21311 11145	3	   	274.40	橙4易伤3伤害1时间1全技能	1双倍矿256伤害3全技能4569易伤56序列升级7核8时间a低血量敌人
47	21311 11551	3	   	274.40	橙4易伤3伤害1时间1全技能	1双倍矿256伤害3全技能4568易伤56序列升级7核9时间a金币生成
48	21311 11555	3	   	274.40	橙4易伤3伤害1时间1全技能	1双倍矿256伤害3全技能4568易伤56序列升级7核9时间a低血量敌人
49	26152 14211	3	   	274.30	橙4易伤3伤害1时间1全技能	1双倍矿2时间3568易伤456伤害56序列升级7核9赏金邻近a全技能
50	26152 14221	3	   	274.30	橙4易伤3伤害1时间1全技能	1双倍矿2时间3568易伤456伤害56序列升级7核9赏金塔a全技能
51	21311 11142	3	   	274.30	橙4易伤3伤害1时间1全技能	1双倍矿256伤害3全技能4569易伤56序列升级7核8时间a掉矿
52	21311 11552	3	   	274.30	橙4易伤3伤害1时间1全技能	1双倍矿256伤害3全技能4568易伤56序列升级7核9时间a掉矿
53	21311 15146	3	   	274.30	橙4易伤3伤害1时间1全技能	1双倍矿256伤害3全技能456a易伤56序列升级7加一8时间9核
54	26622 14211	3	   	274.30	橙4易伤3伤害1时间1全技能	1双倍矿2时间356伤害4568易伤56序列升级7核9赏金邻近a全技能
55	26622 14221	3	   	274.30	橙4易伤3伤害1时间1全技能	1双倍矿2时间356伤害4568易伤56序列升级7核9赏金塔a全技能
56	21311 11542	3	   	274.23	橙4易伤3伤害2全技能	1双倍矿256伤害39全技能4568易伤56序列升级7核a攻速
57	21311 11544	3	   	274.23	橙4易伤3伤害2全技能	1双倍矿256伤害39全技能4568易伤56序列升级7核a雷电
58	26152 14323	3	   	273.05	橙4易伤3伤害1时间	1双倍矿2时间356a易伤456伤害56序列升级7核8雷电9低血量敌人
59	26152 14333	3	   	273.05	橙4易伤3伤害1时间	19双倍矿2时间356a易伤456伤害56序列升级7核8雷电
60	26622 14323	3	   	273.05	橙4易伤3伤害1时间	1双倍矿2时间356伤害456a易伤56序列升级7核8雷电9低血量敌人
61	26622 14333	3	   	273.05	橙4易伤3伤害1时间	19双倍矿2时间356伤害456a易伤56序列升级7核8雷电
62	26152 15231	3	   	273.05	橙4易伤3伤害1时间	1双倍矿2时间3567易伤456伤害56序列升级8矿等9核a攻速
63	26622 15231	3	   	273.05	橙4易伤3伤害1时间	1双倍矿2时间356伤害4567易伤56序列升级8矿等9核a攻速
64	21622 14133	3	   	272.95	橙4易伤3伤害1时间	1双倍矿256伤害3挖青456a易伤56序列升级7核8时间9雷电
65	21311 54131	3	   	272.11	橙3易伤2伤害1等级1时间1全技能	1双倍矿25伤害3全技能459易伤5序列升级6等级7雷电8核a时间
66	21311 11443	3	   	271.80	橙4易伤3伤害1暴击1全技能	1双倍矿256伤害3全技能4569易伤56序列升级7核8敌人爆炸a暴击
67	21311 11533	3	   	271.80	橙4易伤3伤害1暴击1全技能	1双倍矿256伤害3全技能4568易伤56序列升级7核9敌人爆炸a暴击
68	21311 11563	3	   	271.80	橙4易伤3伤害1暴击1全技能	1双倍矿256伤害3全技能4568易伤56序列升级7核9低血量敌人a暴击
69	21311 11643	3	   	271.80	橙4易伤3伤害1暴击1全技能	1双倍矿256伤害3全技能4569易伤56序列升级7核8最后敌人a暴击
70	21311 11661	3	   	271.80	橙4易伤3伤害1暴击1全技能	1双倍矿256伤害3全技能456a易伤56序列升级7核8最后敌人9暴击
71	23622 14143	3	   	271.80	橙4易伤3伤害1暴击1全技能	1双倍矿2基地爆炸356伤害4569易伤56序列升级7核8全技能a暴击
72	33622 14143	3	   	271.80	橙4易伤3伤害1暴击1全技能	1基地爆炸2立即金币356伤害4569易伤56序列升级7核8全技能a暴击
73	23152 14143	3	   	271.80	橙4易伤3伤害1暴击1全技能	1双倍矿2基地爆炸3569易伤456伤害56序列升级7核8全技能a暴击
74	31252 14143	2	   	271.80	橙4易伤3伤害1暴击1全技能	13基地爆炸2569易伤456伤害56序列升级7核8全技能a暴击
75	33152 14143	3	   	271.80	橙4易伤3伤害1暴击1全技能	1基地爆炸2立即金币3569易伤456伤害56序列升级7核8全技能a暴击
76	21311 11434	3	   	271.61	橙3易伤3伤害1等级1全技能	1双倍矿256伤害3全技能456易伤56序列升级7核8敌人爆炸9等级a攻速
77	21311 11634	3	   	271.61	橙3易伤3伤害1等级1全技能	1双倍矿256伤害3全技能456易伤56序列升级7核8最后敌人9等级a攻速
78	23152 14134	3	   	271.61	橙3易伤3伤害1等级1全技能	1双倍矿2基地爆炸356易伤456伤害56序列升级7核8全技能9等级a攻速
79	23622 14134	3	   	271.61	橙3易伤3伤害1等级1全技能	1双倍矿2基地爆炸356伤害456易伤56序列升级7核8全技能9等级a攻速
80	31252 14134	2	   	271.61	橙3易伤3伤害1等级1全技能	13基地爆炸256易伤456伤害56序列升级7核8全技能9等级a攻速
81	33152 14134	3	   	271.61	橙3易伤3伤害1等级1全技能	1基地爆炸2立即金币356易伤456伤害56序列升级7核8全技能9等级a攻速
82	33622 14134	3	   	271.61	橙3易伤3伤害1等级1全技能	1基地爆炸2立即金币356伤害456易伤56序列升级7核8全技能9等级a攻速
83	21311 11432	3	   	271.38	橙3易伤3伤害2等级1全技能	1双倍矿256伤害3全技能456易伤56序列升级7核8敌人爆炸9a等级
84	21311 11632	3	   	271.38	橙3易伤3伤害2等级1全技能	1双倍矿256伤害3全技能456易伤56序列升级7核8最后敌人9a等级
85	23152 14132	3	   	271.38	橙3易伤3伤害2等级1全技能	1双倍矿2基地爆炸356易伤456伤害56序列升级7核8全技能9a等级
86	23622 14132	3	   	271.38	橙3易伤3伤害2等级1全技能	1双倍矿2基地爆炸356伤害456易伤56序列升级7核8全技能9a等级
87	31252 14132	2	   	271.38	橙3易伤3伤害2等级1全技能	13基地爆炸256易伤456伤害56序列升级7核8全技能9a等级
88	33152 14132	3	   	271.38	橙3易伤3伤害2等级1全技能	1基地爆炸2立即金币356易伤456伤害56序列升级7核8全技能9a等级
89	33622 14132	3	   	271.38	橙3易伤3伤害2等级1全技能	1基地爆炸2立即金币356伤害456易伤56序列升级7核8全技能9a等级
90	36252 14132	1	   	271.38	橙3易伤3伤害2等级1全技能	13基地爆炸256易伤456伤害56序列升级7核8全技能9a等级
91	53152 14132	3	   	271.38	橙3易伤3伤害2等级1全技能	1敌人爆炸2立即金币356易伤456伤害56序列升级7核8全技能9a等级
92	53622 14132	3	   	271.38	橙3易伤3伤害2等级1全技能	1敌人爆炸2立即金币356伤害456易伤56序列升级7核8全技能9a等级
93	26152 16312	3	   	269.89	橙3易伤3伤害1等级1时间	1双倍矿2时间356易伤456伤害56序列升级7等级8核9矿等a低血量敌人
94	26152 16313	3	   	269.89	橙3易伤3伤害1等级1时间	1双倍矿2时间356易伤456伤害56序列升级7等级8核9矿等a敌人爆炸
95	26152 16331	3	   	269.89	橙3易伤3伤害1等级1时间	1双倍矿2时间356易伤456伤害56序列升级7等级8核9最后敌人a基地爆炸
96	26152 16332	3	   	269.89	橙3易伤3伤害1等级1时间	1双倍矿2时间356易伤456伤害56序列升级7等级8核9最后敌人a矿等
97	26152 16333	3	   	269.89	橙3易伤3伤害1等级1时间	1双倍矿2时间356易伤456伤害56序列升级7等级8核9a最后敌人
98	26622 16312	3	   	269.89	橙3易伤3伤害1等级1时间	1双倍矿2时间356伤害456易伤56序列升级7等级8核9矿等a低血量敌人
99	26622 16313	3	   	269.89	橙3易伤3伤害1等级1时间	1双倍矿2时间356伤害456易伤56序列升级7等级8核9矿等a敌人爆炸
100	26622 16331	3	   	269.89	橙3易伤3伤害1等级1时间	1双倍矿2时间356伤害456易伤56序列升级7等级8核9最后敌人a基地爆炸
101	26622 16332	3	   	269.89	橙3易伤3伤害1等级1时间	1双倍矿2时间356伤害456易伤56序列升级7等级8核9最后敌人a矿等
102	26622 16333	3	   	269.89	橙3易伤3伤害1等级1时间	1双倍矿2时间356伤害456易伤56序列升级7等级8核9a最后敌人
103	26152 16311	3	   	269.79	橙3易伤3伤害1等级1时间	1双倍矿2时间356易伤456伤害56序列升级7等级8核9矿等a掉矿
104	26152 16322	3	   	269.79	橙3易伤3伤害1等级1时间	1双倍矿2时间356易伤456伤害56序列升级7等级8核9赏金邻近a平台
105	26622 16311	3	   	269.79	橙3易伤3伤害1等级1时间	1双倍矿2时间356伤害456易伤56序列升级7等级8核9矿等a掉矿
106	26622 16322	3	   	269.79	橙3易伤3伤害1等级1时间	1双倍矿2时间356伤害456易伤56序列升级7等级8核9赏金邻近a平台
107	26152 16321	3	   	269.69	橙3易伤3伤害1等级1时间	1双倍矿2时间356易伤456伤害56序列升级7等级8核9赏金邻近a挖青
108	26152 16323	3	   	269.69	橙3易伤3伤害1等级1时间	1双倍矿2时间356易伤456伤害56序列升级7等级8核9赏金邻近a掉矿
109	26622 16321	3	   	269.69	橙3易伤3伤害1等级1时间	1双倍矿2时间356伤害456易伤56序列升级7等级8核9赏金邻近a挖青
110	26622 16323	3	   	269.69	橙3易伤3伤害1等级1时间	1双倍矿2时间356伤害456易伤56序列升级7等级8核9赏金邻近a掉矿
111	23622 16342	3	   	267.29	橙3易伤3伤害1等级1暴击	1双倍矿2基地爆炸356伤害456易伤56序列升级7等级8核9平台a暴击
112	33622 16342	3	   	267.29	橙3易伤3伤害1等级1暴击	1基地爆炸2立即金币356伤害456易伤56序列升级7等级8核9平台a暴击
113	23152 16342	3	   	267.29	橙3易伤3伤害1等级1暴击	1双倍矿2基地爆炸356易伤456伤害56序列升级7等级8核9平台a暴击
114	31252 16342	2	   	267.29	橙3易伤3伤害1等级1暴击	13基地爆炸256易伤456伤害56序列升级7等级8核9平台a暴击
115	33152 16342	3	   	267.29	橙3易伤3伤害1等级1暴击	1基地爆炸2立即金币356易伤456伤害56序列升级7等级8核9平台a暴击
116	21311 11126	3	   	267.00	橙3易伤3伤害1时间1暴击1全技能	1双倍矿256伤害3全技能456易伤56序列升级7核8时间9低血量敌人a暴击
117	21311 15147	3	   	266.90	橙3易伤3伤害1时间1暴击1全技能	1双倍矿256伤害3全技能456易伤56序列升级7加一8时间9核a暴击
118	26152 14322	3	 * 	266.58	橙3易伤3伤害2时间	1双倍矿2a时间356易伤456伤害56序列升级7核8雷电9低血量敌人
119	26622 14322	3	   	266.58	橙3易伤3伤害2时间	1双倍矿2a时间356伤害456易伤56序列升级7核8雷电9低血量敌人
120	21622 14132	3	   	266.48	橙3易伤3伤害2时间	1双倍矿256伤害3挖青456易伤56序列升级7核8a时间9雷电
121	21311 11446	3	   	266.46	橙4易伤3伤害1全技能	1双倍矿256伤害3全技能4569易伤56序列升级7核8敌人爆炸a攻速
122	21311 11523	3	   	266.46	橙4易伤3伤害1全技能	1双倍矿256伤害3全技能4568易伤56序列升级7核9矿等a攻速
123	21311 11536	3	   	266.46	橙4易伤3伤害1全技能	1双倍矿256伤害3全技能4568易伤56序列升级7核9敌人爆炸a攻速
124	21311 11415	3	   	266.46	橙4易伤3伤害1全技能	1双倍矿256伤害3全技能456a易伤56序列升级7核8敌人爆炸9雷电
125	21311 11615	3	   	266.46	橙4易伤3伤害1全技能	1双倍矿256伤害3全技能456a易伤56序列升级7核8最后敌人9雷电
126	23152 14115	3	   	266.46	橙4易伤3伤害1全技能	1双倍矿2基地爆炸356a易伤456伤害56序列升级7核8全技能9雷电
127	23622 14115	3	   	266.46	橙4易伤3伤害1全技能	1双倍矿2基地爆炸356伤害456a易伤56序列升级7核8全技能9雷电
128	31252 14115	2	   	266.46	橙4易伤3伤害1全技能	13基地爆炸256a易伤456伤害56序列升级7核8全技能9雷电
129	33152 14115	3	   	266.46	橙4易伤3伤害1全技能	1基地爆炸2立即金币356a易伤456伤害56序列升级7核8全技能9雷电
130	33622 14115	3	   	266.46	橙4易伤3伤害1全技能	1基地爆炸2立即金币356伤害456a易伤56序列升级7核8全技能9雷电
131	21311 11263	3	   	266.36	橙4易伤3伤害1全技能	1双倍矿256伤害3全技能4569易伤56序列升级7核8掉矿a攻速
132	21311 11541	3	   	265.92	橙4易伤3伤害2全技能	1双倍矿256伤害39全技能4568易伤56序列升级7核a立即金币
133	21311 11543	3	   	265.92	橙4易伤3伤害2全技能	1双倍矿256伤害39全技能4568易伤56序列升级7核a金币生成
134	21311 11546	3	   	265.92	橙4易伤3伤害2全技能	1双倍矿256伤害39全技能4568易伤56序列升级7核a平台
135	26152 14313	3	   	265.55	橙3易伤3伤害1时间1暴击	1双倍矿2时间356易伤456伤害56序列升级7核8雷电9掉矿a暴击
136	26622 14313	3	   	265.55	橙3易伤3伤害1时间1暴击	1双倍矿2时间356伤害456易伤56序列升级7核8雷电9掉矿a暴击
137	23142 15431	4	 * 	265.03	橙4易伤1等级3攻速1伤害	1双倍矿2基地爆炸3567易伤456攻速56序列升级8等级9核a伤害
138	33142 15431	4	   	265.03	橙4易伤1等级3攻速1伤害	1基地爆炸2立即金币3567易伤456攻速56序列升级8等级9核a伤害
139	23622 15234	3	   	264.74	橙4易伤3伤害1时间	1双倍矿2基地爆炸356伤害4567易伤56序列升级8矿等9核a时间
140	26152 14232	3	   	264.74	橙4易伤3伤害1时间	1双倍矿2时间3568易伤456伤害56序列升级7核9最后敌人a低血量敌人
141	26152 14233	3	   	264.74	橙4易伤3伤害1时间	1双倍矿2时间3568易伤456伤害56序列升级7核9最后敌人a敌人爆炸
142	33622 15234	3	   	264.74	橙4易伤3伤害1时间	1基地爆炸2立即金币356伤害4567易伤56序列升级8矿等9核a时间
143	23152 14236	3	   	264.74	橙4易伤3伤害1时间	1双倍矿2基地爆炸3568易伤456伤害56序列升级7核9最后敌人a时间
144	23152 15234	3	   	264.74	橙4易伤3伤害1时间	1双倍矿2基地爆炸3567易伤456伤害56序列升级8矿等9核a时间
145	23622 14236	3	   	264.74	橙4易伤3伤害1时间	1双倍矿2基地爆炸356伤害4568易伤56序列升级7核9最后敌人a时间
146	26152 15233	3	   	264.74	橙4易伤3伤害1时间	1双倍矿2时间3567易伤456伤害56序列升级8矿等9核a基地爆炸
147	26622 14232	3	   	264.74	橙4易伤3伤害1时间	1双倍矿2时间356伤害4568易伤56序列升级7核9最后敌人a低血量敌人
148	26622 14233	3	   	264.74	橙4易伤3伤害1时间	1双倍矿2时间356伤害4568易伤56序列升级7核9最后敌人a敌人爆炸
149	26622 15233	3	   	264.74	橙4易伤3伤害1时间	1双倍矿2时间356伤害4567易伤56序列升级8矿等9核a基地爆炸
150	31252 14236	2	   	264.74	橙4易伤3伤害1时间	13基地爆炸2568易伤456伤害56序列升级7核9最后敌人a时间
151	31252 15234	2	   	264.74	橙4易伤3伤害1时间	13基地爆炸2567易伤456伤害56序列升级8矿等9核a时间
152	33152 14236	3	   	264.74	橙4易伤3伤害1时间	1基地爆炸2立即金币3568易伤456伤害56序列升级7核9最后敌人a时间
153	33152 15234	3	   	264.74	橙4易伤3伤害1时间	1基地爆炸2立即金币3567易伤456伤害56序列升级8矿等9核a时间
154	33622 14236	3	   	264.74	橙4易伤3伤害1时间	1基地爆炸2立即金币356伤害4568易伤56序列升级7核9最后敌人a时间
155	26152 14212	3	   	264.64	橙4易伤3伤害1时间	1双倍矿2时间3568易伤456伤害56序列升级7核9赏金邻近a策反
156	26152 14213	3	   	264.64	橙4易伤3伤害1时间	1a双倍矿2时间3568易伤456伤害56序列升级7核9赏金邻近
157	26152 14222	3	   	264.64	橙4易伤3伤害1时间	1双倍矿2时间3568易伤456伤害56序列升级7核9赏金塔a策反
158	26152 14223	3	   	264.64	橙4易伤3伤害1时间	1a双倍矿2时间3568易伤456伤害56序列升级7核9赏金塔
159	26152 14231	3	   	264.64	橙4易伤3伤害1时间	1双倍矿2时间3568易伤456伤害56序列升级7核9最后敌人a掉矿
160	26152 15232	3	   	264.64	橙4易伤3伤害1时间	1双倍矿2时间3567易伤456伤害56序列升级8矿等9核a挖青
161	26622 14212	3	   	264.64	橙4易伤3伤害1时间	1双倍矿2时间356伤害4568易伤56序列升级7核9赏金邻近a策反
162	26622 14213	3	   	264.64	橙4易伤3伤害1时间	1a双倍矿2时间356伤害4568易伤56序列升级7核9赏金邻近
163	26622 14222	3	   	264.64	橙4易伤3伤害1时间	1双倍矿2时间356伤害4568易伤56序列升级7核9赏金塔a策反
164	26622 14223	3	   	264.64	橙4易伤3伤害1时间	1a双倍矿2时间356伤害4568易伤56序列升级7核9赏金塔
165	26622 14231	3	   	264.64	橙4易伤3伤害1时间	1双倍矿2时间356伤害4568易伤56序列升级7核9最后敌人a掉矿
166	26622 15232	3	   	264.64	橙4易伤3伤害1时间	1双倍矿2时间356伤害4567易伤56序列升级8矿等9核a挖青
167	21622 14213	3	   	264.54	橙4易伤3伤害1时间	1双倍矿256伤害3挖青4568易伤56序列升级7核9赏金邻近a时间
168	21622 14223	3	   	264.54	橙4易伤3伤害1时间	1双倍矿256伤害3挖青4568易伤56序列升级7核9赏金塔a时间
169	21352 23133	4	   	264.04	橙3易伤2伤害2等级1全技能	17双倍矿2a伤害3全技能4雷电59a易伤6a等级8核a序列升级
170	21352 24133	4	   	264.04	橙3易伤2伤害2等级1全技能	1双倍矿2a伤害3全技能4雷电59a易伤6a等级7立即金币8核a序列升级
171	21311 11431	3	   	263.31	橙3易伤3伤害1等级1全技能	1双倍矿256伤害3全技能456易伤56序列升级7核8敌人爆炸9等级a金币生成
172	21311 11433	3	   	263.31	橙3易伤3伤害1等级1全技能	1双倍矿256伤害3全技能456易伤56序列升级7核8敌人爆炸9等级a矿等
173	21311 11462	3	   	263.31	橙3易伤3伤害1等级1全技能	1双倍矿256伤害3全技能456易伤56序列升级7核8敌人爆炸9随机矿a等级
174	21311 11631	3	   	263.31	橙3易伤3伤害1等级1全技能	1双倍矿256伤害3全技能456易伤56序列升级7核8最后敌人9等级a金币生成
175	21311 11633	3	   	263.31	橙3易伤3伤害1等级1全技能	1双倍矿256伤害3全技能456易伤56序列升级7核8最后敌人9等级a矿等
176	23152 14131	3	   	263.31	橙3易伤3伤害1等级1全技能	1双倍矿2基地爆炸356易伤456伤害56序列升级7核8全技能9等级a金币生成
177	23152 14133	3	   	263.31	橙3易伤3伤害1等级1全技能	1双倍矿2基地爆炸356易伤456伤害56序列升级7核8全技能9等级a矿等
178	23152 14162	3	   	263.31	橙3易伤3伤害1等级1全技能	1双倍矿2基地爆炸356易伤456伤害56序列升级7核8全技能9随机矿a等级
179	23622 14131	3	   	263.31	橙3易伤3伤害1等级1全技能	1双倍矿2基地爆炸356伤害456易伤56序列升级7核8全技能9等级a金币生成
180	23622 14133	3	   	263.31	橙3易伤3伤害1等级1全技能	1双倍矿2基地爆炸356伤害456易伤56序列升级7核8全技能9等级a矿等
181	23622 14162	3	   	263.31	橙3易伤3伤害1等级1全技能	1双倍矿2基地爆炸356伤害456易伤56序列升级7核8全技能9随机矿a等级
182	31252 14131	2	   	263.31	橙3易伤3伤害1等级1全技能	13基地爆炸256易伤456伤害56序列升级7核8全技能9等级a金币生成
183	31252 14133	2	   	263.31	橙3易伤3伤害1等级1全技能	13基地爆炸256易伤456伤害56序列升级7核8全技能9等级a矿等
184	31252 14162	2	   	263.31	橙3易伤3伤害1等级1全技能	13基地爆炸256易伤456伤害56序列升级7核8全技能9随机矿a等级
185	33152 14131	3	   	263.31	橙3易伤3伤害1等级1全技能	1基地爆炸2立即金币356易伤456伤害56序列升级7核8全技能9等级a金币生成
186	33152 14133	3	   	263.31	橙3易伤3伤害1等级1全技能	1基地爆炸2立即金币356易伤456伤害56序列升级7核8全技能9等级a矿等
187	33152 14162	3	   	263.31	橙3易伤3伤害1等级1全技能	1基地爆炸2立即金币356易伤456伤害56序列升级7核8全技能9随机矿a等级
188	33622 14131	3	   	263.31	橙3易伤3伤害1等级1全技能	1基地爆炸2立即金币356伤害456易伤56序列升级7核8全技能9等级a金币生成
189	33622 14133	3	   	263.31	橙3易伤3伤害1等级1全技能	1基地爆炸2立即金币356伤害456易伤56序列升级7核8全技能9等级a矿等
190	33622 14162	3	   	263.31	橙3易伤3伤害1等级1全技能	1基地爆炸2立即金币356伤害456易伤56序列升级7核8全技能9随机矿a等级
191	36252 14131	1	   	263.31	橙3易伤3伤害1等级1全技能	13基地爆炸256易伤456伤害56序列升级7核8全技能9等级a金币生成
192	36252 14133	1	   	263.31	橙3易伤3伤害1等级1全技能	13基地爆炸256易伤456伤害56序列升级7核8全技能9等级a矿等
193	53152 14131	3	   	263.31	橙3易伤3伤害1等级1全技能	1敌人爆炸2立即金币356易伤456伤害56序列升级7核8全技能9等级a金币生成
194	53152 14133	3	   	263.31	橙3易伤3伤害1等级1全技能	1敌人爆炸2立即金币356易伤456伤害56序列升级7核8全技能9等级a矿等
195	53622 14131	3	   	263.31	橙3易伤3伤害1等级1全技能	1敌人爆炸2立即金币356伤害456易伤56序列升级7核8全技能9等级a金币生成
196	53622 14133	3	   	263.31	橙3易伤3伤害1等级1全技能	1敌人爆炸2立即金币356伤害456易伤56序列升级7核8全技能9等级a矿等
197	21311 11212	3	   	263.21	橙3易伤3伤害1等级1全技能	1双倍矿256伤害3全技能456易伤56序列升级7核8掉矿9敌人爆炸a等级
198	21311 11331	3	   	263.21	橙3易伤3伤害1等级1全技能	1双倍矿256伤害3全技能456易伤56序列升级7核8赏金塔9基地爆炸a等级
199	21311 11341	3	   	263.21	橙3易伤3伤害1等级1全技能	1双倍矿256伤害3全技能456易伤56序列升级7核8赏金塔9敌人爆炸a等级
200	21311 11435	3	   	263.21	橙3易伤3伤害1等级1全技能	1双倍矿256伤害3全技能456易伤56序列升级7核8敌人爆炸9等级a赏金邻近
201	21311 11436	3	   	263.21	橙3易伤3伤害1等级1全技能	1双倍矿256伤害3全技能456易伤56序列升级7核8敌人爆炸9等级a赏金塔
202	21311 11635	3	   	263.21	橙3易伤3伤害1等级1全技能	1双倍矿256伤害3全技能456易伤56序列升级7核8最后敌人9等级a赏金邻近
203	21311 11636	3	   	263.21	橙3易伤3伤害1等级1全技能	1双倍矿256伤害3全技能456易伤56序列升级7核8最后敌人9等级a赏金塔
204	23152 14135	3	   	263.21	橙3易伤3伤害1等级1全技能	1双倍矿2基地爆炸356易伤456伤害56序列升级7核8全技能9等级a赏金邻近
205	23152 14136	3	   	263.21	橙3易伤3伤害1等级1全技能	1双倍矿2基地爆炸356易伤456伤害56序列升级7核8全技能9等级a赏金塔
206	23622 14135	3	   	263.21	橙3易伤3伤害1等级1全技能	1双倍矿2基地爆炸356伤害456易伤56序列升级7核8全技能9等级a赏金邻近
207	23622 14136	3	   	263.21	橙3易伤3伤害1等级1全技能	1双倍矿2基地爆炸356伤害456易伤56序列升级7核8全技能9等级a赏金塔
208	31252 14135	2	   	263.21	橙3易伤3伤害1等级1全技能	13基地爆炸256易伤456伤害56序列升级7核8全技能9等级a赏金邻近
209	31252 14136	2	   	263.21	橙3易伤3伤害1等级1全技能	13基地爆炸256易伤456伤害56序列升级7核8全技能9等级a赏金塔
210	33152 14135	3	   	263.21	橙3易伤3伤害1等级1全技能	1基地爆炸2立即金币356易伤456伤害56序列升级7核8全技能9等级a赏金邻近
211	33152 14136	3	   	263.21	橙3易伤3伤害1等级1全技能	1基地爆炸2立即金币356易伤456伤害56序列升级7核8全技能9等级a赏金塔
212	33622 14135	3	   	263.21	橙3易伤3伤害1等级1全技能	1基地爆炸2立即金币356伤害456易伤56序列升级7核8全技能9等级a赏金邻近
213	33622 14136	3	   	263.21	橙3易伤3伤害1等级1全技能	1基地爆炸2立即金币356伤害456易伤56序列升级7核8全技能9等级a赏金塔
214	21311 11242	3	   	263.11	橙3易伤3伤害1等级1全技能	1双倍矿256伤害3全技能456易伤56序列升级7核8掉矿9挖尘a等级
215	21311 11321	3	   	263.11	橙3易伤3伤害1等级1全技能	1双倍矿256伤害3全技能456易伤56序列升级7核8赏金塔9挖尘a等级
216	21132 41425	7	   	262.32	橙3易伤2伤害2等级1时间	1双倍矿27伤害3平台479易伤5随机矿67等级7序列升级8时间a核
217	25615 21113	2	   	262.32	橙3易伤2伤害2等级1时间	1双倍矿29等级3额外掉落4时间5随机矿69a易伤7核89伤害9序列升级
218	36621 21114	7	   	262.32	橙3易伤2伤害2等级1时间	19基地爆炸2额外掉落35等级459易伤59序列升级6掉矿7时间89伤害a核
219	21134 41522	8	   	262.22	橙3易伤2伤害2等级2攻速	1双倍矿27伤害3平台49a易伤57攻速67等级7序列升级8核
220	26113 21321	7	 * 	262.14	橙3易伤3时间2等级1全技能	1双倍矿279时间357易伤4平台67等级7序列升级8全技能a核
221	16621 21114	7	   	262.12	橙3易伤2伤害2等级1时间	19挖尘2额外掉落35等级459易伤59序列升级6掉矿7时间89伤害a核
222	23622 16316	3	   	261.95	橙3易伤3伤害1等级	1双倍矿2基地爆炸356伤害456易伤56序列升级7等级8核9矿等a雷电
223	23622 16341	3	   	261.95	橙3易伤3伤害1等级	1双倍矿2基地爆炸356伤害456易伤56序列升级7等级8核9平台a攻速
224	23622 16531	3	   	261.95	橙3易伤3伤害1等级	18双倍矿2基地爆炸356伤害456易伤56序列升级7等级9核a攻速
225	23622 16631	3	   	261.95	橙3易伤3伤害1等级	1双倍矿2基地爆炸356伤害456易伤56序列升级7等级8立即金币9核a攻速
226	33622 16316	3	   	261.95	橙3易伤3伤害1等级	1基地爆炸2立即金币356伤害456易伤56序列升级7等级8核9矿等a雷电
227	33622 16341	3	   	261.95	橙3易伤3伤害1等级	1基地爆炸2立即金币356伤害456易伤56序列升级7等级8核9平台a攻速
228	33622 16531	3	   	261.95	橙3易伤3伤害1等级	1基地爆炸2立即金币356伤害456易伤56序列升级7等级8双倍矿9核a攻速
229	33622 16631	3	   	261.95	橙3易伤3伤害1等级	1基地爆炸28立即金币356伤害456易伤56序列升级7等级9核a攻速
230	23152 14361	3	   	261.95	橙3易伤3伤害1等级	1双倍矿2基地爆炸356易伤456伤害56序列升级7核8雷电9等级a低血量敌人
231	23152 14362	3	   	261.95	橙3易伤3伤害1等级	1双倍矿2基地爆炸356易伤456伤害56序列升级7核8雷电9等级a金币生成
232	23152 16316	3	   	261.95	橙3易伤3伤害1等级	1双倍矿2基地爆炸356易伤456伤害56序列升级7等级8核9矿等a雷电
233	23152 16341	3	   	261.95	橙3易伤3伤害1等级	1双倍矿2基地爆炸356易伤456伤害56序列升级7等级8核9平台a攻速
234	23152 16531	3	   	261.95	橙3易伤3伤害1等级	18双倍矿2基地爆炸356易伤456伤害56序列升级7等级9核a攻速
235	23152 16631	3	   	261.95	橙3易伤3伤害1等级	1双倍矿2基地爆炸356易伤456伤害56序列升级7等级8立即金币9核a攻速
236	23622 14361	3	   	261.95	橙3易伤3伤害1等级	1双倍矿2基地爆炸356伤害456易伤56序列升级7核8雷电9等级a低血量敌人
237	23622 14362	3	   	261.95	橙3易伤3伤害1等级	1双倍矿2基地爆炸356伤害456易伤56序列升级7核8雷电9等级a金币生成
238	31252 14361	2	   	261.95	橙3易伤3伤害1等级	13基地爆炸256易伤456伤害56序列升级7核8雷电9等级a低血量敌人
239	31252 14362	2	   	261.95	橙3易伤3伤害1等级	13基地爆炸256易伤456伤害56序列升级7核8雷电9等级a金币生成
240	31252 16316	2	   	261.95	橙3易伤3伤害1等级	13基地爆炸256易伤456伤害56序列升级7等级8核9矿等a雷电
241	31252 16341	2	   	261.95	橙3易伤3伤害1等级	13基地爆炸256易伤456伤害56序列升级7等级8核9平台a攻速
242	31252 16531	2	   	261.95	橙3易伤3伤害1等级	13基地爆炸256易伤456伤害56序列升级7等级8双倍矿9核a攻速
243	31252 16631	2	   	261.95	橙3易伤3伤害1等级	13基地爆炸256易伤456伤害56序列升级7等级8立即金币9核a攻速
244	33152 14361	3	   	261.95	橙3易伤3伤害1等级	1基地爆炸2立即金币356易伤456伤害56序列升级7核8雷电9等级a低血量敌人
245	33152 14362	3	   	261.95	橙3易伤3伤害1等级	1基地爆炸2立即金币356易伤456伤害56序列升级7核8雷电9等级a金币生成
246	33152 16316	3	   	261.95	橙3易伤3伤害1等级	1基地爆炸2立即金币356易伤456伤害56序列升级7等级8核9矿等a雷电
247	33152 16341	3	   	261.95	橙3易伤3伤害1等级	1基地爆炸2立即金币356易伤456伤害56序列升级7等级8核9平台a攻速
248	33152 16531	3	   	261.95	橙3易伤3伤害1等级	1基地爆炸2立即金币356易伤456伤害56序列升级7等级8双倍矿9核a攻速
249	33152 16631	3	   	261.95	橙3易伤3伤害1等级	1基地爆炸28立即金币356易伤456伤害56序列升级7等级9核a攻速
250	33622 14361	3	   	261.95	橙3易伤3伤害1等级	1基地爆炸2立即金币356伤害456易伤56序列升级7核8雷电9等级a低血量敌人
251	33622 14362	3	   	261.95	橙3易伤3伤害1等级	1基地爆炸2立即金币356伤害456易伤56序列升级7核8雷电9等级a金币生成
252	23152 16326	3	   	261.85	橙3易伤3伤害1等级	1双倍矿2基地爆炸356易伤456伤害56序列升级7等级8核9赏金邻近a雷电
253	23622 16326	3	   	261.85	橙3易伤3伤害1等级	1双倍矿2基地爆炸356伤害456易伤56序列升级7等级8核9赏金邻近a雷电
254	31252 16326	2	   	261.85	橙3易伤3伤害1等级	13基地爆炸256易伤456伤害56序列升级7等级8核9赏金邻近a雷电
255	33152 16326	3	   	261.85	橙3易伤3伤害1等级	1基地爆炸2立即金币356易伤456伤害56序列升级7等级8核9赏金邻近a雷电
256	33622 16326	3	   	261.85	橙3易伤3伤害1等级	1基地爆炸2立即金币356伤害456易伤56序列升级7等级8核9赏金邻近a雷电
257	26152 14112	3	   	261.66	橙3易伤3伤害1时间1全技能	1双倍矿2时间356易伤456伤害56序列升级7核8全技能9雷电a额外掉落
258	26152 14113	3	   	261.66	橙3易伤3伤害1时间1全技能	1双倍矿2时间356易伤456伤害56序列升级7核8全技能9雷电a基地爆炸
259	21311 11112	3	   	261.66	橙3易伤3伤害1时间1全技能	1双倍矿256伤害3全技能456易伤56序列升级7核8时间9雷电a额外掉落
260	21311 11113	3	   	261.66	橙3易伤3伤害1时间1全技能	1双倍矿256伤害3全技能456易伤56序列升级7核8时间9雷电a基地爆炸
261	21311 11114	3	   	261.66	橙3易伤3伤害1时间1全技能	1双倍矿256伤害3全技能456易伤56序列升级7核8时间9雷电a矿等
262	21311 11164	3	   	261.66	橙3易伤3伤害1时间1全技能	1双倍矿256伤害3全技能456易伤56序列升级7核8时间9随机矿a攻速
263	26622 14112	3	   	261.66	橙3易伤3伤害1时间1全技能	1双倍矿2时间356伤害456易伤56序列升级7核8全技能9雷电a额外掉落
264	26622 14113	3	   	261.66	橙3易伤3伤害1时间1全技能	1双倍矿2时间356伤害456易伤56序列升级7核8全技能9雷电a基地爆炸
265	26152 14111	3	   	261.56	橙3易伤3伤害1时间1全技能	1双倍矿2时间356易伤456伤害56序列升级7核8全技能9雷电a掉矿
266	21311 11111	3	   	261.56	橙3易伤3伤害1时间1全技能	1双倍矿256伤害3全技能456易伤56序列升级7核8时间9雷电a掉矿
267	21311 15144	3	   	261.56	橙3易伤3伤害1时间1全技能	1双倍矿256伤害3全技能456易伤56序列升级7加一8时间9核a雷电
268	26622 14111	3	   	261.56	橙3易伤3伤害1时间1全技能	1双倍矿2时间356伤害456易伤56序列升级7核8全技能9雷电a掉矿
269	21311 54142	3	   	261.07	橙2易伤2伤害1等级1时间1暴击1全技能	1双倍矿25伤害3全技能45易伤5序列升级6等级7雷电8核9时间a暴击
270	26113 21542	9	   	260.79	橙3易伤3时间2等级	1双倍矿278时间357易伤4平台67等级7序列升级9攻速a核
271	25611 31533	4	   	260.69	橙3易伤3时间2等级	1双倍矿28等级389时间4雷电5掉矿6核78a易伤8序列升级
272	21336 12232	9	   	260.34	橙2易伤3伤害2等级1暴击1全技能	1双倍矿279伤害3全技能4立即金币5暴击69等级89易伤9序列升级a核
273	26531 22113	8	 * 	260.30	橙4易伤2等级2时间	1双倍矿29时间3低血量敌人49等级579a易伤6额外掉落8核9序列升级
274	26113 21133	8	   	260.20	橙4易伤2等级2时间	1双倍矿27时间357a易伤4平台67等级7序列升级8加一9核
275	26113 21336	8	 * 	259.32	橙3易伤2等级2时间1伤害	1双倍矿27时间357易伤4平台67等级7序列升级8额外掉落9伤害a核
276	22162 31531	5	 * 	259.22	橙3易伤3等级2时间3雷电	1双倍矿2随机矿38a雷电49时间58a等级6核78a易伤8a序列升级
277	26113 21136	8	   	259.22	橙3易伤2等级2时间1伤害	1双倍矿27时间357易伤4平台67等级7序列升级8加一9核a伤害
278	26141 31533	2	   	259.16	橙3易伤3时间1等级2雷电	1双倍矿289时间38雷电4等级5掉矿6核78a易伤8序列升级
279	21311 11425	3	   	258.15	橙4易伤3伤害1全技能	1双倍矿256伤害3全技能456a易伤56序列升级7核8敌人爆炸9低血量敌人
280	21311 11441	3	   	258.15	橙4易伤3伤害1全技能	1双倍矿256伤害3全技能4569易伤56序列升级7核8敌人爆炸a金币生成
281	21311 11445	3	   	258.15	橙4易伤3伤害1全技能	1双倍矿256伤害3全技能4569易伤56序列升级7核8敌人爆炸a低血量敌人
282	21311 11521	3	   	258.15	橙4易伤3伤害1全技能	1双倍矿256伤害3全技能4568易伤56序列升级7核9矿等a金币生成
283	21311 11522	3	   	258.15	橙4易伤3伤害1全技能	1双倍矿256伤害3全技能4568易伤56序列升级7核9矿等a基地爆炸
284	21311 11531	3	   	258.15	橙4易伤3伤害1全技能	1双倍矿256伤害3全技能4568易伤56序列升级7核9敌人爆炸a金币生成
285	21311 11535	3	   	258.15	橙4易伤3伤害1全技能	1双倍矿256伤害3全技能4568易伤56序列升级7核9敌人爆炸a低血量敌人
286	21311 11561	3	   	258.15	橙4易伤3伤害1全技能	1双倍矿256伤害3全技能4568易伤56序列升级7核9低血量敌人a金币生成
287	21311 11625	3	   	258.15	橙4易伤3伤害1全技能	1双倍矿256伤害3全技能456a易伤56序列升级7核8最后敌人9低血量敌人
288	21311 11641	3	   	258.15	橙4易伤3伤害1全技能	1双倍矿256伤害3全技能4569易伤56序列升级7核8最后敌人a金币生成
289	23622 14125	3	   	258.15	橙4易伤3伤害1全技能	1双倍矿2基地爆炸356伤害456a易伤56序列升级7核8全技能9低血量敌人
290	23622 14141	3	   	258.15	橙4易伤3伤害1全技能	1双倍矿2基地爆炸356伤害4569易伤56序列升级7核8全技能a金币生成
291	33622 14125	3	   	258.15	橙4易伤3伤害1全技能	1基地爆炸2立即金币356伤害456a易伤56序列升级7核8全技能9低血量敌人
292	33622 14141	3	   	258.15	橙4易伤3伤害1全技能	1基地爆炸2立即金币356伤害4569易伤56序列升级7核8全技能a金币生成
293	23152 14125	3	   	258.15	橙4易伤3伤害1全技能	1双倍矿2基地爆炸356a易伤456伤害56序列升级7核8全技能9低血量敌人
294	23152 14141	3	   	258.15	橙4易伤3伤害1全技能	1双倍矿2基地爆炸3569易伤456伤害56序列升级7核8全技能a金币生成
295	31252 14125	2	   	258.15	橙4易伤3伤害1全技能	13基地爆炸256a易伤456伤害56序列升级7核8全技能9低血量敌人
296	31252 14141	2	   	258.15	橙4易伤3伤害1全技能	13基地爆炸2569易伤456伤害56序列升级7核8全技能a金币生成
297	33152 14125	3	   	258.15	橙4易伤3伤害1全技能	1基地爆炸2立即金币356a易伤456伤害56序列升级7核8全技能9低血量敌人
298	33152 14141	3	   	258.15	橙4易伤3伤害1全技能	1基地爆炸2立即金币3569易伤456伤害56序列升级7核8全技能a金币生成
