0	Index      	 *	Score 	Summary	Detail	Bounty	
1	32133 16311	 * 	281.56	橙3易伤2等级2伤害1时间	1最后敌人28a易伤3敌人爆炸4攻速5a等级6核7时间9a伤害a序列升级	9
2	32133 16351	   	281.56	橙3易伤2等级2伤害1时间	1最后敌人28a易伤3敌人爆炸4攻速5a等级6核7时间9a伤害a序列升级	8
3	32133 16641	   	281.56	橙3易伤2等级2伤害1时间	1最后敌人29a易伤3敌人爆炸4攻速5a等级6核7时间8a伤害a序列升级	7
4	63131 16311	   	281.56	橙3易伤2等级2伤害1时间	1攻速2a等级3基地爆炸4低血量敌人58a易伤6核7时间9a伤害a序列升级	9
5	63131 16351	   	281.56	橙3易伤2等级2伤害1时间	1攻速2a等级3基地爆炸4低血量敌人58a易伤6核7时间9a伤害a序列升级	8
6	42133 12641	   	281.46	橙3易伤2等级2伤害1时间	1挖尘29a易伤3敌人爆炸4攻速5a等级6核7时间8a伤害a序列升级	7
7	63162 12216	 * 	279.76	橙2易伤2等级2伤害2时间	1攻速29等级3基地爆炸47易伤59时间6雷电89伤害9序列升级a核	5
8	63522 12216	   	279.76	橙2易伤2等级2伤害2时间	1攻速29等级3低血量敌人47易伤59时间6雷电89伤害9序列升级a核	5
9	63622 12216	   	279.76	橙2易伤2等级2伤害2时间	1攻速29等级3最后敌人47易伤59时间6雷电89伤害9序列升级a核	5
10	12422 53316	 * 	274.09	橙5易伤2时间1伤害1全技能	17低血量敌人2347a易伤5全技能67时间7序列升级8伤害9核	2
11	22425 33316	   	274.09	橙5易伤2时间1伤害1全技能	17敌人爆炸2347a易伤5全技能67时间7序列升级8伤害9核	2
12	32422 53316	   	274.09	橙5易伤2时间1伤害1全技能	17最后敌人2347a易伤5全技能67时间7序列升级8伤害9核	2
13	22412 36216	   	273.62	橙3易伤2等级2伤害	1敌人爆炸239易伤4攻速5雷电69等级7基地爆炸89伤害9序列升级a核	2
14	32133 12216	   	273.62	橙3易伤2等级2伤害	1最后敌人279易伤3敌人爆炸4攻速59等级6雷电89伤害9序列升级a核	5
15	32133 46216	   	273.62	橙3易伤2等级2伤害	1最后敌人269易伤3敌人爆炸4攻速59等级7雷电89伤害9序列升级a核	7
16	32412 36216	   	273.62	橙3易伤2等级2伤害	1最后敌人239易伤4攻速5雷电69等级7基地爆炸89伤害9序列升级a核	2
17	63131 12216	   	273.62	橙3易伤2等级2伤害	1攻速29等级3基地爆炸4低血量敌人579易伤6雷电89伤害9序列升级a核	5
18	63133 12216	   	273.62	橙3易伤2等级2伤害	1攻速29等级3基地爆炸4低血量敌人579易伤6雷电89伤害9序列升级a核	4
19	42133 12216	   	273.52	橙3易伤2等级2伤害	1挖尘279易伤3敌人爆炸4攻速59等级6雷电89伤害9序列升级a核	5
20	63533 16131	   	271.82	橙3易伤2等级1伤害2攻速1时间	17攻速27等级3低血量敌人4平台5伤害67a易伤7序列升级8核9时间	7
21	63384 41137	   	271.62	橙3易伤2等级1伤害2攻速1时间	14攻速24等级3加一4序列升级5伤害68a易伤7时间9核	2
22	63162 11311	   	271.45	橙2易伤2等级2伤害2时间	1攻速2a等级3基地爆炸48易伤5a时间6核7低血量敌人9a伤害a序列升级	9
23	63162 11351	   	271.45	橙2易伤2等级2伤害2时间	1攻速2a等级3基地爆炸48易伤5a时间6核7低血量敌人9a伤害a序列升级	8
24	63162 13351	   	271.45	橙2易伤2等级2伤害2时间	1攻速2a等级3基地爆炸47易伤5a时间6核8低血量敌人9a伤害a序列升级	6
25	63162 14311	   	271.45	橙2易伤2等级2伤害2时间	1攻速2a等级3基地爆炸47易伤5a时间6核8低血量敌人9a伤害a序列升级	9
26	63622 14311	   	271.45	橙2易伤2等级2伤害2时间	1攻速2a等级3最后敌人47易伤5a时间6核8低血量敌人9a伤害a序列升级	9
27	63522 12311	   	271.35	橙2易伤2等级2伤害2时间	1攻速2a等级3低血量敌人48易伤5a时间6核7挖尘9a伤害a序列升级	9
28	63522 12351	   	271.35	橙2易伤2等级2伤害2时间	1攻速2a等级3低血量敌人48易伤5a时间6核7挖尘9a伤害a序列升级	8
29	63622 12311	   	271.35	橙2易伤2等级2伤害2时间	1攻速2a等级3最后敌人48易伤5a时间6核7挖尘9a伤害a序列升级	9
30	63622 12351	   	271.35	橙2易伤2等级2伤害2时间	1攻速2a等级3最后敌人48易伤5a时间6核7挖尘9a伤害a序列升级	8
31	12422 53311	   	269.39	橙4易伤2时间1伤害1暴击1全技能	17低血量敌人2347易伤5全技能67时间7序列升级8伤害9核a暴击	2
32	14422 53311	   	269.39	橙4易伤2时间1伤害1暴击1全技能	17低血量敌人2347易伤5全技能67时间7序列升级8伤害9核a暴击	1
33	22425 33311	   	269.39	橙4易伤2时间1伤害1暴击1全技能	17敌人爆炸2347易伤5全技能67时间7序列升级8伤害9核a暴击	2
34	24425 33311	   	269.39	橙4易伤2时间1伤害1暴击1全技能	17敌人爆炸2347易伤5全技能67时间7序列升级8伤害9核a暴击	1
35	32422 53311	   	269.39	橙4易伤2时间1伤害1暴击1全技能	17最后敌人2347易伤5全技能67时间7序列升级8伤害9核a暴击	2
36	34422 53311	   	269.39	橙4易伤2时间1伤害1暴击1全技能	17最后敌人2347易伤5全技能67时间7序列升级8伤害9核a暴击	1
37	12422 53313	 * 	268.97	橙4易伤3时间1伤害1全技能	17低血量敌人2347易伤5全技能67a时间7序列升级8伤害9核	2
38	14422 53313	   	268.97	橙4易伤3时间1伤害1全技能	17低血量敌人2347易伤5全技能67a时间7序列升级8伤害9核	1
39	22425 33313	   	268.97	橙4易伤3时间1伤害1全技能	17敌人爆炸2347易伤5全技能67a时间7序列升级8伤害9核	2
40	24425 33313	   	268.97	橙4易伤3时间1伤害1全技能	17敌人爆炸2347易伤5全技能67a时间7序列升级8伤害9核	1
41	32422 53313	   	268.97	橙4易伤3时间1伤害1全技能	17最后敌人2347易伤5全技能67a时间7序列升级8伤害9核	2
42	34422 53313	   	268.97	橙4易伤3时间1伤害1全技能	17最后敌人2347易伤5全技能67a时间7序列升级8伤害9核	1
43	64622 12112	 * 	268.27	橙4易伤2时间1等级2攻速	19攻速2平台359a易伤45时间59序列升级6等级79掉矿8核	3
44	11613 13151	 * 	267.43	橙5易伤2伤害1时间	1a低血量敌人2平台3时间4679a易伤5a伤害8核a序列升级	5
45	11613 43151	   	267.43	橙5易伤2伤害1时间	1a低血量敌人2平台3时间4789a易伤5a伤害6核a序列升级	5
46	21613 13151	   	267.43	橙5易伤2伤害1时间	1a敌人爆炸2平台3时间4679a易伤5a伤害8核a序列升级	5
47	31613 13151	   	267.43	橙5易伤2伤害1时间	1a最后敌人2平台3时间4679a易伤5a伤害8核a序列升级	5
48	41613 13151	   	267.23	橙5易伤2伤害1时间	1a挖尘2平台3时间4679a易伤5a伤害8核a序列升级	5
49	22125 26623	 * 	265.45	橙4易伤3时间1等级	135敌人爆炸2489易伤689时间7核89序列升级a等级	8
50	32133 14311	   	265.31	橙3易伤2等级2伤害	1最后敌人27a易伤3敌人爆炸4攻速5a等级6核8低血量敌人9a伤害a序列升级	9
51	32133 14351	   	265.31	橙3易伤2等级2伤害	1最后敌人27a易伤3敌人爆炸4攻速5a等级6核8低血量敌人9a伤害a序列升级	8
52	32133 14351	   	265.31	橙3易伤2等级2伤害	1最后敌人27a易伤3敌人爆炸4攻速5a等级6核8低血量敌人9a伤害a序列升级	7
53	32133 15351	   	265.31	橙3易伤2等级2伤害	1最后敌人27a易伤3敌人爆炸4攻速5a等级6核8低血量敌人9a伤害a序列升级	6
54	63131 12641	   	265.31	橙3易伤2等级2伤害	1攻速2a等级3基地爆炸4低血量敌人59a易伤6核7最后敌人8a伤害a序列升级	6
55	63131 13551	   	265.31	橙3易伤2等级2伤害	1攻速2a等级3基地爆炸4低血量敌人57a易伤6核8最后敌人9a伤害a序列升级	6
56	32133 12311	   	265.21	橙3易伤2等级2伤害	1最后敌人28a易伤3敌人爆炸4攻速5a等级6核7挖尘9a伤害a序列升级	9
57	32133 12351	   	265.21	橙3易伤2等级2伤害	1最后敌人28a易伤3敌人爆炸4攻速5a等级6核7挖尘9a伤害a序列升级	8
58	32133 12641	   	265.21	橙3易伤2等级2伤害	1最后敌人29a易伤3敌人爆炸4攻速5a等级6核7挖尘8a伤害a序列升级	7
59	32133 14641	   	265.21	橙3易伤2等级2伤害	1最后敌人29a易伤3敌人爆炸4攻速5a等级6核7挖尘8a伤害a序列升级	6
60	42133 11311	   	265.21	橙3易伤2等级2伤害	1挖尘28a易伤3敌人爆炸4攻速5a等级6核7低血量敌人9a伤害a序列升级	9
61	42133 11351	   	265.21	橙3易伤2等级2伤害	1挖尘28a易伤3敌人爆炸4攻速5a等级6核7低血量敌人9a伤害a序列升级	8
62	42133 11641	   	265.21	橙3易伤2等级2伤害	1挖尘29a易伤3敌人爆炸4攻速5a等级6核7低血量敌人8a伤害a序列升级	7
63	42133 12641	   	265.21	橙3易伤2等级2伤害	1挖尘29a易伤3敌人爆炸4攻速5a等级6核7最后敌人8a伤害a序列升级	6
64	42133 13351	   	265.21	橙3易伤2等级2伤害	1挖尘27a易伤3敌人爆炸4攻速5a等级6核8低血量敌人9a伤害a序列升级	6
65	42133 13551	   	265.21	橙3易伤2等级2伤害	1挖尘27a易伤3敌人爆炸4攻速5a等级6核8最后敌人9a伤害a序列升级	6
66	42133 14311	   	265.21	橙3易伤2等级2伤害	1挖尘27a易伤3敌人爆炸4攻速5a等级6核8低血量敌人9a伤害a序列升级	9
67	42133 14351	   	265.21	橙3易伤2等级2伤害	1挖尘27a易伤3敌人爆炸4攻速5a等级6核8低血量敌人9a伤害a序列升级	8
68	42133 14351	   	265.21	橙3易伤2等级2伤害	1挖尘27a易伤3敌人爆炸4攻速5a等级6核8低血量敌人9a伤害a序列升级	7
69	63131 12311	   	265.21	橙3易伤2等级2伤害	1攻速2a等级3基地爆炸4低血量敌人58a易伤6核7挖尘9a伤害a序列升级	9
70	63131 12351	   	265.21	橙3易伤2等级2伤害	1攻速2a等级3基地爆炸4低血量敌人58a易伤6核7挖尘9a伤害a序列升级	8
71	63131 12641	   	265.21	橙3易伤2等级2伤害	1攻速2a等级3基地爆炸4低血量敌人59a易伤6核7挖尘8a伤害a序列升级	7
72	63541 12311	   	265.21	橙3易伤2等级2伤害	1攻速2a等级3低血量敌人4基地爆炸58a易伤6核7挖尘9a伤害a序列升级	9
73	63641 12311	   	265.21	橙3易伤2等级2伤害	1攻速2a等级3最后敌人4基地爆炸58a易伤6核7挖尘9a伤害a序列升级	9
74	63122 16216	   	265.17	橙2易伤2等级2伤害1时间	1攻速29等级3基地爆炸4立即金币5时间69易伤7雷电89伤害9序列升级a核	7
75	32133 16611	   	264.71	橙2易伤2等级2伤害2攻速1时间	1最后敌人2a易伤3敌人爆炸49攻速5a等级6核7时间8a伤害a序列升级	7
76	63131 16611	   	264.71	橙2易伤2等级2伤害2攻速1时间	19攻速2a等级3基地爆炸4低血量敌人5a易伤6核7时间8a伤害a序列升级	7
77	63533 16133	   	264.71	橙2易伤2等级2伤害2攻速1时间	17攻速27等级3低血量敌人4平台5a伤害67易伤7序列升级8核9时间	7
78	42133 12611	   	264.61	橙2易伤2等级2伤害2攻速1时间	1挖尘2a易伤3敌人爆炸49攻速5a等级6核7时间8a伤害a序列升级	7
79	32533 12416	   	263.87	橙3易伤2等级1伤害2攻速	1最后敌人279易伤3伤害4敌人爆炸59等级6雷电89攻速9序列升级a核	5
80	22363 12416	   	263.77	橙3易伤2等级1伤害2攻速	1敌人爆炸279易伤3伤害4挖尘59等级6雷电89攻速9序列升级a核	5
81	11611 23151	 * 	263.67	橙4易伤2伤害2时间	1a低血量敌人2平台35时间479a易伤6a伤害8核a序列升级	5
82	11611 23151	   	263.67	橙4易伤2伤害2时间	1a低血量敌人2平台35时间479a易伤6a伤害8核a序列升级	6
83	11613 13131	   	263.67	橙4易伤2伤害2时间	1a低血量敌人2平台39时间467a易伤5a伤害8核a序列升级	5
84	11613 43131	   	263.67	橙4易伤2伤害2时间	1a低血量敌人2平台39时间478a易伤5a伤害6核a序列升级	5
85	11613 43151	   	263.67	橙4易伤2伤害2时间	1a低血量敌人2平台36时间479a易伤5a伤害8核a序列升级	6
86	12213 12151	   	263.67	橙4易伤2伤害2时间	1a低血量敌人2469易伤3平台5a伤害7a时间8核a序列升级	7
87	12213 15151	   	263.67	橙4易伤2伤害2时间	1a低血量敌人2469易伤3平台5a伤害7a时间8核a序列升级	6
88	21611 23151	   	263.67	橙4易伤2伤害2时间	1a敌人爆炸2平台35时间479a易伤6a伤害8核a序列升级	5
89	21611 23151	   	263.67	橙4易伤2伤害2时间	1a敌人爆炸2平台35时间479a易伤6a伤害8核a序列升级	6
90	21613 13131	   	263.67	橙4易伤2伤害2时间	1a敌人爆炸2平台39时间467a易伤5a伤害8核a序列升级	5
91	22264 13151	   	263.67	橙4易伤2伤害2时间	1a敌人爆炸2679易伤3a伤害4a时间5平台8核a序列升级	2
92	22364 13151	   	263.67	橙4易伤2伤害2时间	1a敌人爆炸2679易伤3a伤害4a时间5平台8核a序列升级	3
93	31611 23151	   	263.67	橙4易伤2伤害2时间	1a最后敌人2平台35时间479a易伤6a伤害8核a序列升级	5
94	31611 23151	   	263.67	橙4易伤2伤害2时间	1a最后敌人2平台35时间479a易伤6a伤害8核a序列升级	6
95	31613 13131	   	263.67	橙4易伤2伤害2时间	1a最后敌人2平台39时间467a易伤5a伤害8核a序列升级	5
96	31613 43151	   	263.67	橙4易伤2伤害2时间	1a最后敌人2平台36时间479a易伤5a伤害8核a序列升级	6
97	32212 23151	   	263.67	橙4易伤2伤害2时间	1a最后敌人2479易伤3平台5a时间6a伤害8核a序列升级	6
98	32212 23151	   	263.67	橙4易伤2伤害2时间	1a最后敌人2479易伤3平台5a时间6a伤害8核a序列升级	5
99	41611 23151	   	263.47	橙4易伤2伤害2时间	1a挖尘2平台35时间479a易伤6a伤害8核a序列升级	6
100	41611 23151	   	263.47	橙4易伤2伤害2时间	1a挖尘2平台35时间479a易伤6a伤害8核a序列升级	5
101	41613 13131	   	263.47	橙4易伤2伤害2时间	1a挖尘2平台39时间467a易伤5a伤害8核a序列升级	5
102	42213 12151	   	263.47	橙4易伤2伤害2时间	1a挖尘2469易伤3平台5a伤害7a时间8核a序列升级	7
103	63341 14332	   	260.74	橙2易伤2伤害2时间1等级	1攻速2等级3a伤害4a时间5矿等6a易伤7核8低血量敌人9雷电a序列升级	10
104	63342 14332	   	260.64	橙2易伤2伤害2时间1等级	1攻速2等级3a伤害4a时间5掉矿6a易伤7核8低血量敌人9雷电a序列升级	10
105	12423 42214	   	259.29	橙5易伤2伤害	1低血量敌人2346a易伤56伤害6序列升级7挖尘8攻速9核	2
106	32423 42214	   	259.29	橙5易伤2伤害	1最后敌人2346a易伤56伤害6序列升级7挖尘8攻速9核	2
107	23235 25136	 * 	259.28	橙3易伤2等级1伤害2暴击	1敌人爆炸25暴击35等级4平台5序列升级68a易伤7伤害9核	1
108	32212 16532	 * 	258.78	橙2易伤2等级3时间1伤害	17最后敌人24易伤3平台579时间67等级7序列升级8核a伤害	7
109	11611 16532	   	258.78	橙2易伤2等级3时间1伤害	17低血量敌人2平台359时间47易伤67等级7序列升级8核a伤害	7
110	31611 16532	   	258.78	橙2易伤2等级3时间1伤害	17最后敌人2平台359时间47易伤67等级7序列升级8核a伤害	7
111	12423 22352	   	258.41	橙3易伤1等级1伤害1时间1暴击	1低血量敌人234易伤5伤害6暴击7时间8攻速9等级a核	2
112	14423 22352	   	258.41	橙3易伤1等级1伤害1时间1暴击	1低血量敌人234易伤5伤害6暴击7时间8攻速9等级a核	1
113	32423 22352	   	258.41	橙3易伤1等级1伤害1时间1暴击	1最后敌人234易伤5伤害6暴击7时间8攻速9等级a核	2
114	34423 22352	   	258.41	橙3易伤1等级1伤害1时间1暴击	1最后敌人234易伤5伤害6暴击7时间8攻速9等级a核	1
115	64232 33216	   	257.75	橙2等级1易伤2伤害2时间2攻速	13攻速29时间4敌人爆炸5雷电69等级7易伤89伤害9序列升级a核	1
116	12242 13563	 * 	257.50	橙4易伤1等级1伤害2攻速	1低血量敌人2579易伤3平台45攻速5序列升级6等级8伤害a核	4
117	22351 56123	   	257.50	橙4易伤1等级1伤害1时间	1敌人爆炸2489易伤3伤害5矿等6时间7等级a核	5
118	22351 56123	   	257.50	橙4易伤1等级1伤害1时间	1敌人爆炸2489易伤3伤害5矿等6时间7等级a核	6
119	12516 25123	   	257.40	橙4易伤1等级1伤害1时间	1低血量敌人2789易伤3伤害4掉矿5等级6时间a核	7
120	22311 56123	   	257.40	橙4易伤1等级1伤害1时间	1敌人爆炸2589易伤3伤害4掉矿6时间7等级a核	5
121	22312 46123	   	257.40	橙4易伤1等级1伤害1时间	1敌人爆炸2689易伤3伤害4掉矿5时间7等级a核	6
122	22351 56123	   	257.40	橙4易伤1等级1伤害1时间	1敌人爆炸2489易伤3伤害5掉矿6时间7等级a核	4
123	22352 56123	   	257.40	橙4易伤1等级1伤害1时间	1敌人爆炸2489易伤3伤害5掉矿6时间7等级a核	5
124	32516 25123	   	257.40	橙4易伤1等级1伤害1时间	1最后敌人2789易伤3伤害4掉矿5等级6时间a核	7
125	21443 23112	   	256.90	橙3易伤2等级2伤害	19敌人爆炸2平台39等级4掉矿57a易伤69伤害8核9序列升级	2
126	23353 12216	   	256.87	橙2易伤2等级2伤害1时间	1敌人爆炸29策反3时间47易伤59等级6雷电89伤害9序列升级a核	5
127	32133 16621	   	256.87	橙2易伤2等级2伤害1时间	1最后敌人2a易伤39敌人爆炸4攻速5a等级6核7时间8a伤害a序列升级	7
128	32533 16151	   	256.78	橙2易伤2等级1伤害2攻速1时间1全技能	1最后敌人2a易伤3伤害4敌人爆炸5a等级6核7时间8全技能9a攻速a序列升级	10
129	42133 12111	   	256.77	橙2易伤2等级2伤害1时间	1挖尘2a易伤3敌人爆炸4攻速5a等级6核7时间8双倍矿9a伤害a序列升级	9
130	42133 12151	   	256.77	橙2易伤2等级2伤害1时间	1挖尘2a易伤3敌人爆炸4攻速5a等级6核7时间8双倍矿9a伤害a序列升级	8
131	42133 12211	   	256.77	橙2易伤2等级2伤害1时间	1挖尘2a易伤3敌人爆炸4攻速5a等级6核7时间8立即金币9a伤害a序列升级	9
132	42133 12251	   	256.77	橙2易伤2等级2伤害1时间	1挖尘2a易伤3敌人爆炸4攻速5a等级6核7时间8立即金币9a伤害a序列升级	8
133	42133 12621	   	256.77	橙2易伤2等级2伤害1时间	1挖尘2a易伤39敌人爆炸4攻速5a等级6核7时间8a伤害a序列升级	7
134	43253 12216	   	256.77	橙2易伤2等级2伤害1时间	1挖尘29策反3时间47易伤59等级6雷电89伤害9序列升级a核	5
135	21553 22136	   	256.76	橙3易伤2等级2伤害1卖塔	17敌人爆炸2平台3卖塔48a易伤57等级67伤害7序列升级9核	6
136	41443 23112	   	256.70	橙3易伤2等级2伤害	19挖尘2平台39等级4掉矿57a易伤69伤害8核9序列升级	2
137	22252 52135	   	256.70	橙5易伤1伤害1暴击1全技能	1敌人爆炸2568a易伤3伤害4暴击7全技能9核	2
138	22352 52135	   	256.70	橙5易伤1伤害1暴击1全技能	1敌人爆炸2568a易伤3伤害4暴击7全技能9核	3
139	12423 44212	 * 	256.70	橙4易伤3伤害	1低血量敌人2346易伤56a伤害6序列升级7基地爆炸8攻速9核	2
140	32423 44212	   	256.70	橙4易伤3伤害	1最后敌人2346易伤56a伤害6序列升级7基地爆炸8攻速9核	2
141	42133 12511	   	256.67	橙2易伤2等级2伤害1时间	18挖尘2a易伤3敌人爆炸4攻速5a等级6核7时间9a伤害a序列升级	9
142	42133 12551	   	256.67	橙2易伤2等级2伤害1时间	18挖尘2a易伤3敌人爆炸4攻速5a等级6核7时间9a伤害a序列升级	8
143	42133 12651	   	256.67	橙2易伤2等级2伤害1时间	19挖尘2a易伤3敌人爆炸4攻速5a等级6核7时间8a伤害a序列升级	7
144	12423 42212	   	256.60	橙4易伤3伤害	1低血量敌人2346易伤56a伤害6序列升级7挖尘8攻速9核	2
145	14423 42212	   	256.60	橙4易伤3伤害	1低血量敌人2346易伤56a伤害6序列升级7挖尘8攻速9核	1
146	32423 42212	   	256.60	橙4易伤3伤害	1最后敌人2346易伤56a伤害6序列升级7挖尘8攻速9核	2
147	34423 42212	   	256.60	橙4易伤3伤害	1最后敌人2346易伤56a伤害6序列升级7挖尘8攻速9核	1
148	63534 13112	 * 	256.55	橙4易伤2等级2攻速	19攻速29等级3低血量敌人4平台5矿等679a易伤8核9序列升级	6
149	14213 16531	   	256.55	橙4易伤2等级1时间	17低血量敌人2挖尘3平台457a易伤67等级7序列升级8核9时间	7
150	34213 16531	   	256.55	橙4易伤2等级1时间	17最后敌人2挖尘3平台457a易伤67等级7序列升级8核9时间	7
151	41213 16531	   	256.45	橙4易伤2等级1时间	17挖尘2平台3最后敌人457a易伤67等级7序列升级8核9时间	7
152	63622 13216	   	256.45	橙2等级1易伤2伤害2时间2雷电	1攻速29等级3最后敌人4易伤59时间67雷电89伤害9序列升级a核	5
153	22325 12551	   	256.27	橙3易伤2伤害2时间1暴击	1a敌人爆炸269易伤3a伤害4低血量敌人5暴击7a时间8核a序列升级	7
154	22325 33551	   	256.27	橙3易伤2伤害2时间1暴击	1a敌人爆炸279易伤3a伤害4低血量敌人5暴击6a时间8核a序列升级	5
155	32212 23131	 * 	255.85	橙3易伤3时间2伤害	1a最后敌人247易伤3平台59a时间6a伤害8核a序列升级	5
156	32212 23131	   	255.85	橙3易伤3时间2伤害	1a最后敌人247易伤3平台59a时间6a伤害8核a序列升级	6
157	12213 12131	   	255.85	橙3易伤3时间2伤害	1a低血量敌人246易伤3平台5a伤害79a时间8核a序列升级	7
158	12213 15131	   	255.85	橙3易伤3时间2伤害	1a低血量敌人246易伤3平台5a伤害79a时间8核a序列升级	6
159	12564 13131	   	255.85	橙3易伤3时间2伤害	1a低血量敌人267易伤3a伤害49a时间5平台8核a序列升级	3
160	22264 13131	   	255.85	橙3易伤3时间2伤害	1a敌人爆炸267易伤3a伤害49a时间5平台8核a序列升级	2
161	22364 13131	   	255.85	橙3易伤3时间2伤害	1a敌人爆炸267易伤3a伤害49a时间5平台8核a序列升级	3
162	24264 13131	   	255.85	橙3易伤3时间2伤害	1a敌人爆炸267易伤3a伤害49a时间5平台8核a序列升级	1
163	32564 13131	   	255.85	橙3易伤3时间2伤害	1a最后敌人267易伤3a伤害49a时间5平台8核a序列升级	3
164	12422 53312	   	255.74	橙4易伤2时间1伤害1全技能	17低血量敌人2347易伤5全技能67时间7序列升级8伤害9核a金币生成	2
165	12432 53316	   	255.74	橙4易伤2时间1伤害1全技能	17低血量敌人237a易伤4立即金币5全技能67时间7序列升级8伤害9核	2
166	12622 53316	   	255.74	橙4易伤2时间1伤害1全技能	137低血量敌人247a易伤5全技能67时间7序列升级8伤害9核	3
167	12622 53316	   	255.74	橙4易伤2时间1伤害1全技能	137低血量敌人247a易伤5全技能67时间7序列升级8伤害9核	4
168	14422 53312	   	255.74	橙4易伤2时间1伤害1全技能	17低血量敌人2347易伤5全技能67时间7序列升级8伤害9核a金币生成	1
169	22425 33312	   	255.74	橙4易伤2时间1伤害1全技能	17敌人爆炸2347易伤5全技能67时间7序列升级8伤害9核a金币生成	2
170	22435 33316	   	255.74	橙4易伤2时间1伤害1全技能	17敌人爆炸237a易伤4立即金币5全技能67时间7序列升级8伤害9核	2
171	24425 33312	   	255.74	橙4易伤2时间1伤害1全技能	17敌人爆炸2347易伤5全技能67时间7序列升级8伤害9核a金币生成	1
172	32422 53312	   	255.74	橙4易伤2时间1伤害1全技能	17最后敌人2347易伤5全技能67时间7序列升级8伤害9核a金币生成	2
173	32432 53316	   	255.74	橙4易伤2时间1伤害1全技能	17最后敌人237a易伤4立即金币5全技能67时间7序列升级8伤害9核	2
174	34422 53312	   	255.74	橙4易伤2时间1伤害1全技能	17最后敌人2347易伤5全技能67时间7序列升级8伤害9核a金币生成	1
175	32533 14141	   	255.67	橙3易伤2等级1伤害1时间	19最后敌人279易伤3伤害4敌人爆炸59等级6核8随机矿9序列升级a时间	10
176	32533 16231	   	255.67	橙3易伤2等级1伤害1时间	1最后敌人29a易伤3伤害4敌人爆炸5a等级6核7时间8a策反a序列升级	9
177	32533 16241	   	255.67	橙3易伤2等级1伤害1时间	1最后敌人29a易伤3伤害4敌人爆炸5a等级6核7时间8a策反a序列升级	8
178	12215 41511	   	255.67	橙3易伤2等级1伤害1时间	18低血量敌人28a易伤3平台4策反5时间6核78等级8序列升级9伤害	3
179	12315 41511	   	255.67	橙3易伤2等级1伤害1时间	18低血量敌人28a易伤3平台4策反5时间6核78等级8序列升级9伤害	2
180	32215 41511	   	255.67	橙3易伤2等级1伤害1时间	18最后敌人28a易伤3平台4策反5时间6核78等级8序列升级9伤害	3
181	32315 41511	   	255.67	橙3易伤2等级1伤害1时间	18最后敌人28a易伤3平台4策反5时间6核78等级8序列升级9伤害	2
182	42213 12131	   	255.65	橙3易伤3时间2伤害	1a挖尘246易伤3平台5a伤害79a时间8核a序列升级	7
183	42264 13131	   	255.65	橙3易伤3时间2伤害	1a挖尘267易伤3a伤害49a时间5平台8核a序列升级	2
184	12422 53315	   	255.64	橙4易伤2时间1伤害1全技能	17低血量敌人2347易伤5全技能67时间7序列升级8伤害9核a赏金邻近	2
185	22425 33315	   	255.64	橙4易伤2时间1伤害1全技能	17敌人爆炸2347易伤5全技能67时间7序列升级8伤害9核a赏金邻近	2
186	32422 53315	   	255.64	橙4易伤2时间1伤害1全技能	17最后敌人2347易伤5全技能67时间7序列升级8伤害9核a赏金邻近	2
187	22363 14141	   	255.57	橙3易伤2等级1伤害1时间	19敌人爆炸279易伤3伤害4挖尘59等级6核8随机矿9序列升级a时间	10
188	32533 11333	   	255.57	橙3易伤2等级1伤害1时间	19最后敌人289易伤3伤害4敌人爆炸59等级6核7挖青9序列升级a时间	8
189	32563 16231	   	255.57	橙3易伤2等级1伤害1时间	1最后敌人29a易伤3伤害4挖尘5a等级6核7时间8a策反a序列升级	9
190	43223 13641	   	255.57	橙3易伤2等级1伤害1时间	1挖尘2a策反3时间4低血量敌人5a等级6核7伤害89a易伤a序列升级	7
191	63533 16121	   	255.57	橙3易伤2等级1伤害2攻速	17攻速27等级3低血量敌人4平台5伤害67a易伤7序列升级8核9基地爆炸	7
192	14213 16533	   	255.57	橙3易伤2等级1伤害1时间	17低血量敌人2挖尘3平台457易伤67等级7序列升级8核9时间a伤害	7
193	34213 16533	   	255.57	橙3易伤2等级1伤害1时间	17最后敌人2挖尘3平台457易伤67等级7序列升级8核9时间a伤害	7
194	32133 13216	   	255.47	橙2易伤2等级2伤害2雷电	1最后敌人29易伤3敌人爆炸4攻速59等级67雷电89伤害9序列升级a核	5
195	63131 15216	   	255.47	橙2易伤2等级2伤害2雷电	1攻速29等级3基地爆炸4低血量敌人59易伤67雷电89伤害9序列升级a核	5
196	63133 15216	   	255.47	橙2易伤2等级2伤害2雷电	1攻速29等级3基地爆炸4低血量敌人59易伤67雷电89伤害9序列升级a核	4
197	22363 11361	   	255.47	橙3易伤2等级1伤害2攻速	1敌人爆炸28a易伤3伤害4挖尘5a等级6核7低血量敌人9a攻速a序列升级	9
198	22363 14361	   	255.47	橙3易伤2等级1伤害2攻速	1敌人爆炸27a易伤3伤害4挖尘5a等级6核8低血量敌人9a攻速a序列升级	9
199	32533 12361	   	255.47	橙3易伤2等级1伤害2攻速	1最后敌人28a易伤3伤害4敌人爆炸5a等级6核7挖尘9a攻速a序列升级	9
200	32563 11333	   	255.47	橙3易伤2等级1伤害1时间	19最后敌人289易伤3伤害4挖尘59等级6核7挖青9序列升级a时间	8
201	32563 13361	   	255.47	橙3易伤2等级1伤害2攻速	1最后敌人28a易伤3伤害4挖尘5a等级6核7敌人爆炸9a攻速a序列升级	9
202	42533 11361	   	255.47	橙3易伤2等级1伤害2攻速	1挖尘28a易伤3伤害4敌人爆炸5a等级6核7低血量敌人9a攻速a序列升级	9
203	41213 16533	   	255.47	橙3易伤2等级1伤害1时间	17挖尘2平台3最后敌人457易伤67等级7序列升级8核9时间a伤害	7
204	63361 11112	   	255.47	橙3易伤2等级1伤害2攻速	19攻速29等级3伤害4随机矿5掉矿6平台79a易伤8核9序列升级	3
205	63384 42137	   	255.37	橙3易伤2等级1伤害2攻速	14攻速24等级3加一4序列升级5伤害68a易伤7敌人爆炸9核	2
206	63318 81412	   	255.27	橙3易伤2等级1伤害2攻速	14攻速26等级3加一568易伤6序列升级7挖尘9核a伤害	2
207	63384 43137	   	255.27	橙3易伤2等级1伤害2攻速	14攻速24等级3加一4序列升级5伤害68a易伤7挖尘9核	2
208	12213 13336	   	254.90	橙4易伤1等级1伤害1暴击	1低血量敌人247a易伤3平台5伤害6等级8暴击9核	4
209	12213 13336	   	254.90	橙4易伤1等级1伤害1暴击	1低血量敌人247a易伤3平台5伤害6等级8暴击9核	5
210	12243 13336	   	254.90	橙4易伤1等级1伤害1暴击	1低血量敌人247a易伤3平台5伤害6等级8暴击9核	3
211	12343 13336	   	254.90	橙4易伤1等级1伤害1暴击	1低血量敌人247a易伤3平台5伤害6等级8暴击9核	2
212	14343 13336	   	254.90	橙4易伤1等级1伤害1暴击	1低血量敌人247a易伤3平台5伤害6等级8暴击9核	1
213	32213 13336	   	254.90	橙4易伤1等级1伤害1暴击	1最后敌人247a易伤3平台5伤害6等级8暴击9核	4
214	32243 13336	   	254.90	橙4易伤1等级1伤害1暴击	1最后敌人247a易伤3平台5伤害6等级8暴击9核	3
215	32343 13336	   	254.90	橙4易伤1等级1伤害1暴击	1最后敌人247a易伤3平台5伤害6等级8暴击9核	2
216	34343 13336	   	254.90	橙4易伤1等级1伤害1暴击	1最后敌人247a易伤3平台5伤害6等级8暴击9核	1
217	63162 12142	   	254.87	橙2易伤2等级3时间2攻速	19攻速29等级3基地爆炸4a易伤579时间6核8随机矿9序列升级	10
218	63162 12311	 * 	254.82	橙2等级3时间1易伤2伤害	1攻速2a等级3基地爆炸4易伤57a时间6核8低血量敌人9a伤害a序列升级	9
219	63162 12351	   	254.82	橙2等级3时间1易伤2伤害	1攻速2a等级3基地爆炸4易伤57a时间6核8低血量敌人9a伤害a序列升级	7
220	63162 12351	   	254.82	橙2等级3时间1易伤2伤害	1攻速2a等级3基地爆炸4易伤57a时间6核8低血量敌人9a伤害a序列升级	8
221	63622 16311	   	254.82	橙2等级3时间1易伤2伤害	1攻速2a等级3最后敌人4易伤57a时间6核8低血量敌人9a伤害a序列升级	9
222	42216 51312	   	254.80	橙4易伤1等级1伤害1暴击	1挖尘2457易伤3平台6等级8暴击9核a伤害	4
223	42213 13336	   	254.80	橙4易伤1等级1伤害1暴击	1挖尘247a易伤3平台5伤害6等级8暴击9核	4
224	42213 13336	   	254.80	橙4易伤1等级1伤害1暴击	1挖尘247a易伤3平台5伤害6等级8暴击9核	5
225	42213 16336	   	254.80	橙4易伤1等级1伤害1暴击	1挖尘246a易伤3平台5伤害7等级8暴击9核	6
226	42243 13336	   	254.80	橙4易伤1等级1伤害1暴击	1挖尘247a易伤3平台5伤害6等级8暴击9核	3
227	12423 15117	   	254.29	橙4易伤2时间1伤害	19低血量敌人2349易伤5伤害6加一7雷电89时间9序列升级a核	2
228	32423 15117	   	254.29	橙4易伤2时间1伤害	19最后敌人2349易伤5伤害6加一7雷电89时间9序列升级a核	2
229	63311 14432	   	254.14	橙3易伤2伤害1等级2攻速	19攻速2等级39伤害4最后敌人5矿等69a易伤7核8平台9序列升级	10
230	63312 14432	   	254.04	橙3易伤2伤害1等级2攻速	19攻速2等级39伤害4最后敌人5掉矿69a易伤7核8平台9序列升级	10
231	12516 25123	   	253.94	橙3易伤2伤害1等级1时间	1低血量敌人289易伤37伤害4掉矿5等级6时间a核	6
232	32516 25123	   	253.94	橙3易伤2伤害1等级1时间	1最后敌人289易伤37伤害4掉矿5等级6时间a核	6
233	12422 53513	   	253.92	橙5易伤2时间1全技能	17低血量敌人2347a易伤5全技能67时间7序列升级8赏金塔9核	2
234	22425 33513	   	253.92	橙5易伤2时间1全技能	17敌人爆炸2347a易伤5全技能67时间7序列升级8赏金塔9核	2
235	32422 53513	   	253.92	橙5易伤2时间1全技能	17最后敌人2347a易伤5全技能67时间7序列升级8赏金塔9核	2
236	63522 13234	   	253.59	橙4易伤1等级2攻速1时间	18攻速2等级3低血量敌人479a易伤5时间6核	6
237	63322 16214	   	253.56	橙2易伤2等级2时间1伤害	1攻速27等级3伤害4掉矿58时间6a易伤9核	8
238	64622 13331	   	253.03	橙3易伤2时间1等级1暴击	1攻速2平台357易伤45时间5序列升级6等级8暴击9核a金币生成	3
239	64622 13333	   	253.03	橙3易伤2时间1等级1暴击	1攻速2平台357易伤45时间5序列升级6等级8暴击9核a立即金币	3
240	13233 63134	   	252.97	橙3易伤2等级1伤害1暴击	19低血量敌人2暴击39等级4平台579易伤6加一8核9序列升级a伤害	1
241	33233 66134	   	252.97	橙3易伤2等级1伤害1暴击	19最后敌人2暴击39等级4平台579易伤6加一8核9序列升级a伤害	1
242	64622 13332	   	252.93	橙3易伤2时间1等级1暴击	1攻速2平台357易伤45时间5序列升级6等级8暴击9核a挖尘	3
243	13261 41512	   	252.70	橙3易伤1等级2暴击2攻速1时间	1低血量敌人29暴击3等级4时间59攻速6矿等79a易伤8核9序列升级	1
244	23261 41512	   	252.70	橙3易伤1等级2暴击2攻速1时间	1敌人爆炸29暴击3等级4时间59攻速6矿等79a易伤8核9序列升级	1
245	63522 13232	   	252.60	橙3易伤1等级1伤害2攻速1时间	18攻速2等级3低血量敌人479易伤5时间6核a伤害	6
246	63522 14232	   	252.60	橙3易伤1等级1伤害2攻速1时间	18攻速2等级3低血量敌人479易伤5时间6核a伤害	7
247	63314 41137	   	252.50	橙3易伤1等级1伤害2攻速1时间	14攻速2等级3加一5伤害68a易伤7时间9核	2
248	22366 12216	   	252.49	橙3易伤2伤害2攻速1时间	1敌人爆炸279易伤3金币生成4时间59攻速6雷电89伤害9序列升级a核	2
249	32212 16534	   	252.37	橙2易伤2等级3时间1暴击	17最后敌人24易伤3平台579时间67等级7序列升级8核a暴击	7
250	21611 13552	   	252.02	橙4易伤2时间1等级	1敌人爆炸2平台35时间479a易伤6等级8核	6
251	32212 13554	   	252.02	橙4易伤2时间1等级	1最后敌人2479易伤3平台5a时间6等级8核	6
252	63131 14141	   	251.75	橙3易伤2等级2攻速1时间	19攻速29等级3基地爆炸4低血量敌人579易伤6核8随机矿9序列升级a时间	10
253	63633 16131	   	251.75	橙3易伤2等级2攻速1时间	17攻速27等级3最后敌人4平台5策反67a易伤7序列升级8核9时间	7
254	63114 14333	   	251.65	橙3易伤2等级2攻速1时间	19攻速29等级3基地爆炸4挖青5低血量敌人6核789易伤9序列升级a时间	8
255	63131 11333	   	251.65	橙3易伤2等级2攻速1时间	19攻速29等级3基地爆炸4低血量敌人589易伤6核7挖青9序列升级a时间	8
256	63131 13633	   	251.65	橙3易伤2等级2攻速1时间	19攻速29等级3基地爆炸4低血量敌人579易伤6核8挖青9序列升级a时间	6
257	63131 14633	   	251.65	橙3易伤2等级2攻速1时间	19攻速29等级3基地爆炸4低血量敌人579易伤6核8挖青9序列升级a时间	7
258	63541 11333	   	251.65	橙3易伤2等级2攻速1时间	19攻速29等级3低血量敌人4基地爆炸589易伤6核7挖青9序列升级a时间	8
259	63641 11333	   	251.65	橙3易伤2等级2攻速1时间	19攻速29等级3最后敌人4基地爆炸589易伤6核7挖青9序列升级a时间	8
